# BEGIN PLOT
LegendOnly=/ALEPH_2004_S5765862/d133-x01-y01 //media/adil/70aa4125-8ea2-43be-afcf-88b43c0b7507/adil/Work/QCD_events/Monash.yoda/ALEPH_2004_S5765862/d133-x01-y01 //media/adil/70aa4125-8ea2-43be-afcf-88b43c0b7507/adil/Work/QCD_events/RhoDown.yoda/ALEPH_2004_S5765862/d133-x01-y01 //media/adil/70aa4125-8ea2-43be-afcf-88b43c0b7507/adil/Work/QCD_events/RhoUp.yoda/ALEPH_2004_S5765862/d133-x01-y01 //media/adil/70aa4125-8ea2-43be-afcf-88b43c0b7507/adil/Work/QCD_events/EtaDown.yoda/ALEPH_2004_S5765862/d133-x01-y01 //media/adil/70aa4125-8ea2-43be-afcf-88b43c0b7507/adil/Work/QCD_events/EtaUp.yoda/ALEPH_2004_S5765862/d133-x01-y01
DrawOnly=/ALEPH_2004_S5765862/d133-x01-y01 //media/adil/70aa4125-8ea2-43be-afcf-88b43c0b7507/adil/Work/QCD_events/Monash.yoda/ALEPH_2004_S5765862/d133-x01-y01 //media/adil/70aa4125-8ea2-43be-afcf-88b43c0b7507/adil/Work/QCD_events/RhoDown.yoda/ALEPH_2004_S5765862/d133-x01-y01 //media/adil/70aa4125-8ea2-43be-afcf-88b43c0b7507/adil/Work/QCD_events/RhoUp.yoda/ALEPH_2004_S5765862/d133-x01-y01 //media/adil/70aa4125-8ea2-43be-afcf-88b43c0b7507/adil/Work/QCD_events/EtaDown.yoda/ALEPH_2004_S5765862/d133-x01-y01 //media/adil/70aa4125-8ea2-43be-afcf-88b43c0b7507/adil/Work/QCD_events/EtaUp.yoda/ALEPH_2004_S5765862/d133-x01-y01
Title=Oblateness ($E_\mathrm{CMS}=91.2$ GeV)
RatioPlot=1
LogY=1
RatioPlotReference=/ALEPH_2004_S5765862/d133-x01-y01
LegendXPos=0.05
XLabel=$O$
YLabel=$1/\sigma \; \mathrm{d}\sigma/\mathrm{d}O$
LegendYPos=0.6
Legend=1
# END PLOT

# BEGIN HISTO1D /ALEPH_2004_S5765862/d133-x01-y01
ConnectBins=0
ErrorBars=1
IsRef=1
Path=/ALEPH_2004_S5765862/d133-x01-y01
PolyMarker=*
Title=Data
# xlow	 xhigh	 val	 errminus	 errplus
0.000000e+00	1.000000e-02	1.072004e+01	5.546837e-01	5.546837e-01
1.000000e-02	2.000000e-02	1.188986e+01	6.193761e-01	6.193761e-01
2.000000e-02	3.000000e-02	1.136637e+01	5.810344e-01	5.810344e-01
3.000000e-02	4.000000e-02	9.391670e+00	9.900542e-02	9.900542e-02
4.000000e-02	5.000000e-02	7.474890e+00	7.875200e-02	7.875200e-02
5.000000e-02	6.000000e-02	6.080970e+00	6.716447e-02	6.716447e-02
6.000000e-02	7.000000e-02	5.019760e+00	1.757913e-01	1.757913e-01
7.000000e-02	8.000000e-02	4.270700e+00	1.529241e-01	1.529241e-01
8.000000e-02	9.000000e-02	3.645510e+00	1.308376e-01	1.308376e-01
9.000000e-02	1.000000e-01	3.201620e+00	1.218762e-01	1.218762e-01
1.000000e-01	1.100000e-01	2.828300e+00	1.083208e-01	1.083208e-01
1.100000e-01	1.200000e-01	2.472320e+00	9.215686e-02	9.215686e-02
1.200000e-01	1.300000e-01	2.186640e+00	1.007948e-01	1.007948e-01
1.300000e-01	1.400000e-01	1.937850e+00	8.885631e-02	8.885631e-02
1.400000e-01	1.500000e-01	1.747200e+00	7.900290e-02	7.900290e-02
1.500000e-01	1.600000e-01	1.611690e+00	6.518191e-02	6.518191e-02
1.600000e-01	1.700000e-01	1.402250e+00	6.239767e-02	6.239767e-02
1.700000e-01	1.800000e-01	1.273290e+00	4.765998e-02	4.765998e-02
1.800000e-01	1.900000e-01	1.172230e+00	4.893503e-02	4.893503e-02
1.900000e-01	2.000000e-01	1.043690e+00	4.587648e-02	4.587648e-02
2.000000e-01	2.100000e-01	9.532900e-01	4.494034e-02	4.494034e-02
2.100000e-01	2.200000e-01	8.789200e-01	2.769387e-02	2.769387e-02
2.200000e-01	2.300000e-01	7.754300e-01	2.969366e-02	2.969366e-02
2.300000e-01	2.400000e-01	7.085500e-01	2.601090e-02	2.601090e-02
2.400000e-01	2.500000e-01	6.543500e-01	3.277927e-02	3.277927e-02
2.500000e-01	2.600000e-01	5.843200e-01	2.778263e-02	2.778263e-02
2.600000e-01	2.700000e-01	5.444900e-01	2.630366e-02	2.630366e-02
2.700000e-01	2.800000e-01	4.818600e-01	2.029667e-02	2.029667e-02
2.800000e-01	2.900000e-01	4.510200e-01	2.299006e-02	2.299006e-02
2.900000e-01	3.000000e-01	3.976100e-01	1.742375e-02	1.742375e-02
3.000000e-01	3.100000e-01	3.758100e-01	1.285062e-02	1.285062e-02
3.100000e-01	3.200000e-01	3.317200e-01	1.621664e-02	1.621664e-02
3.200000e-01	3.300000e-01	2.979300e-01	1.118634e-02	1.118634e-02
3.300000e-01	3.400000e-01	2.622000e-01	1.635386e-02	1.635386e-02
3.400000e-01	3.500000e-01	2.230300e-01	2.284733e-02	2.284733e-02
3.500000e-01	3.600000e-01	2.103500e-01	1.386070e-02	1.386070e-02
3.600000e-01	3.700000e-01	1.897700e-01	8.639317e-03	8.639317e-03
3.700000e-01	3.800000e-01	1.632400e-01	7.353441e-03	7.353441e-03
3.800000e-01	3.900000e-01	1.482900e-01	6.850526e-03	6.850526e-03
3.900000e-01	4.000000e-01	1.193300e-01	8.330120e-03	8.330120e-03
4.000000e-01	4.100000e-01	1.093500e-01	7.487182e-03	7.487182e-03
4.100000e-01	4.200000e-01	9.194000e-02	7.586890e-03	7.586890e-03
4.200000e-01	4.300000e-01	7.835000e-02	5.060919e-03	5.060919e-03
4.300000e-01	4.400000e-01	5.943000e-02	8.011379e-03	8.011379e-03
4.400000e-01	4.500000e-01	5.317000e-02	3.308610e-03	3.308610e-03
4.500000e-01	4.600000e-01	3.726000e-02	4.832815e-03	4.832815e-03
4.600000e-01	4.700000e-01	2.715000e-02	3.536453e-03	3.536453e-03
4.700000e-01	4.800000e-01	1.974000e-02	3.134167e-03	3.134167e-03
4.800000e-01	4.900000e-01	1.334000e-02	2.040735e-03	2.040735e-03
4.900000e-01	5.000000e-01	9.090000e-03	1.540325e-03	1.540325e-03
5.000000e-01	5.100000e-01	5.950000e-03	9.921189e-04	9.921189e-04
5.100000e-01	5.200000e-01	3.030000e-03	1.307861e-03	1.307861e-03
5.200000e-01	5.300000e-01	2.010000e-03	9.178235e-04	9.178235e-04
5.300000e-01	5.400000e-01	7.700000e-04	3.605551e-04	3.605551e-04
5.400000e-01	5.500000e-01	7.800000e-04	2.513961e-04	2.513961e-04
5.500000e-01	5.600000e-01	2.000000e-04	8.062258e-05	8.062258e-05
5.600000e-01	5.700000e-01	3.000000e-05	1.414214e-05	1.414214e-05
5.700000e-01	5.800000e-01	4.000000e-05	6.164414e-05	6.164414e-05
# END HISTO1D

# BEGIN HISTO1D //media/adil/70aa4125-8ea2-43be-afcf-88b43c0b7507/adil/Work/QCD_events/Monash.yoda/ALEPH_2004_S5765862/d133-x01-y01
IsRef=1
LineColor=red
LineStyle=solid
LineWidth=1.3pt
Path=//media/adil/70aa4125-8ea2-43be-afcf-88b43c0b7507/adil/Work/QCD_events/Monash.yoda/ALEPH_2004_S5765862/d133-x01-y01
ScaledBy=4.99999999999999977e-07
Title=nominal
XLabel=
YLabel=
# xlow	 xhigh	 val	 errminus	 errplus
0.000000e+00	1.000000e-02	6.581900e+00	1.814098e-02	1.814098e-02
1.000000e-02	2.000000e-02	1.281135e+01	2.530943e-02	2.530943e-02
2.000000e-02	3.000000e-02	1.321160e+01	2.570175e-02	2.570175e-02
3.000000e-02	4.000000e-02	1.077030e+01	2.320593e-02	2.320593e-02
4.000000e-02	5.000000e-02	8.301550e+00	2.037345e-02	2.037345e-02
5.000000e-02	6.000000e-02	6.493150e+00	1.801825e-02	1.801825e-02
6.000000e-02	7.000000e-02	5.172400e+00	1.608167e-02	1.608167e-02
7.000000e-02	8.000000e-02	4.295850e+00	1.465580e-02	1.465580e-02
8.000000e-02	9.000000e-02	3.650500e+00	1.351018e-02	1.351018e-02
9.000000e-02	1.000000e-01	3.133750e+00	1.251749e-02	1.251749e-02
1.000000e-01	1.100000e-01	2.719400e+00	1.166062e-02	1.166062e-02
1.100000e-01	1.200000e-01	2.399450e+00	1.095320e-02	1.095320e-02
1.200000e-01	1.300000e-01	2.121300e+00	1.029879e-02	1.029879e-02
1.300000e-01	1.400000e-01	1.893000e+00	9.728823e-03	9.728823e-03
1.400000e-01	1.500000e-01	1.684200e+00	9.176601e-03	9.176601e-03
1.500000e-01	1.600000e-01	1.509050e+00	8.686340e-03	8.686340e-03
1.600000e-01	1.700000e-01	1.338300e+00	8.180159e-03	8.180159e-03
1.700000e-01	1.800000e-01	1.227800e+00	7.835177e-03	7.835177e-03
1.800000e-01	1.900000e-01	1.094050e+00	7.396114e-03	7.396114e-03
1.900000e-01	2.000000e-01	9.844000e-01	7.015697e-03	7.015697e-03
2.000000e-01	2.100000e-01	8.896500e-01	6.669520e-03	6.669520e-03
2.100000e-01	2.200000e-01	8.147000e-01	6.382398e-03	6.382398e-03
2.200000e-01	2.300000e-01	7.326000e-01	6.052272e-03	6.052272e-03
2.300000e-01	2.400000e-01	6.569500e-01	5.731274e-03	5.731274e-03
2.400000e-01	2.500000e-01	6.024000e-01	5.488169e-03	5.488169e-03
2.500000e-01	2.600000e-01	5.491000e-01	5.239752e-03	5.239752e-03
2.600000e-01	2.700000e-01	5.023000e-01	5.011487e-03	5.011487e-03
2.700000e-01	2.800000e-01	4.498500e-01	4.742626e-03	4.742626e-03
2.800000e-01	2.900000e-01	4.055000e-01	4.502777e-03	4.502777e-03
2.900000e-01	3.000000e-01	3.748500e-01	4.329261e-03	4.329261e-03
3.000000e-01	3.100000e-01	3.327500e-01	4.078909e-03	4.078909e-03
3.100000e-01	3.200000e-01	2.971000e-01	3.854218e-03	3.854218e-03
3.200000e-01	3.300000e-01	2.689500e-01	3.667083e-03	3.667083e-03
3.300000e-01	3.400000e-01	2.493000e-01	3.530581e-03	3.530581e-03
3.400000e-01	3.500000e-01	2.226000e-01	3.336165e-03	3.336165e-03
3.500000e-01	3.600000e-01	1.935500e-01	3.110868e-03	3.110868e-03
3.600000e-01	3.700000e-01	1.772000e-01	2.976575e-03	2.976575e-03
3.700000e-01	3.800000e-01	1.468500e-01	2.709705e-03	2.709705e-03
3.800000e-01	3.900000e-01	1.273500e-01	2.523391e-03	2.523391e-03
3.900000e-01	4.000000e-01	1.158500e-01	2.406761e-03	2.406761e-03
4.000000e-01	4.100000e-01	9.900000e-02	2.224860e-03	2.224860e-03
4.100000e-01	4.200000e-01	8.385000e-02	2.047560e-03	2.047560e-03
4.200000e-01	4.300000e-01	6.550000e-02	1.809696e-03	1.809696e-03
4.300000e-01	4.400000e-01	5.425000e-02	1.646967e-03	1.646967e-03
4.400000e-01	4.500000e-01	4.235000e-02	1.455163e-03	1.455163e-03
4.500000e-01	4.600000e-01	3.460000e-02	1.315295e-03	1.315295e-03
4.600000e-01	4.700000e-01	2.550000e-02	1.129159e-03	1.129159e-03
4.700000e-01	4.800000e-01	1.655000e-02	9.096703e-04	9.096703e-04
4.800000e-01	4.900000e-01	1.235000e-02	7.858117e-04	7.858117e-04
4.900000e-01	5.000000e-01	7.850000e-03	6.264982e-04	6.264982e-04
5.000000e-01	5.100000e-01	4.200000e-03	4.582576e-04	4.582576e-04
5.100000e-01	5.200000e-01	2.600000e-03	3.605551e-04	3.605551e-04
5.200000e-01	5.300000e-01	1.600000e-03	2.828427e-04	2.828427e-04
5.300000e-01	5.400000e-01	6.500000e-04	1.802776e-04	1.802776e-04
5.400000e-01	5.500000e-01	2.500000e-04	1.118034e-04	1.118034e-04
5.500000e-01	5.600000e-01	2.000000e-04	1.000000e-04	1.000000e-04
5.600000e-01	5.700000e-01	1.000000e-04	7.071068e-05	7.071068e-05
5.700000e-01	5.800000e-01	1.500000e-04	8.660254e-05	8.660254e-05
# END HISTO1D

# BEGIN HISTO1D //media/adil/70aa4125-8ea2-43be-afcf-88b43c0b7507/adil/Work/QCD_events/RhoDown.yoda/ALEPH_2004_S5765862/d133-x01-y01
IsRef=1
LineColor=red
LineStyle=dashed
LineWidth=1.3pt
Path=//media/adil/70aa4125-8ea2-43be-afcf-88b43c0b7507/adil/Work/QCD_events/RhoDown.yoda/ALEPH_2004_S5765862/d133-x01-y01
ScaledBy=4.99999999999999977e-07
Title=$\Delta\rho=-10\%$
XLabel=
YLabel=
# xlow	 xhigh	 val	 errminus	 errplus
0.000000e+00	1.000000e-02	6.568200e+00	1.812209e-02	1.812209e-02
1.000000e-02	2.000000e-02	1.279305e+01	2.529135e-02	2.529135e-02
2.000000e-02	3.000000e-02	1.325445e+01	2.574340e-02	2.574340e-02
3.000000e-02	4.000000e-02	1.081260e+01	2.325145e-02	2.325145e-02
4.000000e-02	5.000000e-02	8.307250e+00	2.038044e-02	2.038044e-02
5.000000e-02	6.000000e-02	6.465700e+00	1.798013e-02	1.798013e-02
6.000000e-02	7.000000e-02	5.186500e+00	1.610357e-02	1.610357e-02
7.000000e-02	8.000000e-02	4.270650e+00	1.461275e-02	1.461275e-02
8.000000e-02	9.000000e-02	3.609700e+00	1.343447e-02	1.343447e-02
9.000000e-02	1.000000e-01	3.126250e+00	1.250250e-02	1.250250e-02
1.000000e-01	1.100000e-01	2.734700e+00	1.169337e-02	1.169337e-02
1.100000e-01	1.200000e-01	2.391300e+00	1.093458e-02	1.093458e-02
1.200000e-01	1.300000e-01	2.135500e+00	1.033320e-02	1.033320e-02
1.300000e-01	1.400000e-01	1.888650e+00	9.717639e-03	9.717639e-03
1.400000e-01	1.500000e-01	1.678300e+00	9.160513e-03	9.160513e-03
1.500000e-01	1.600000e-01	1.507000e+00	8.680438e-03	8.680438e-03
1.600000e-01	1.700000e-01	1.344300e+00	8.198475e-03	8.198475e-03
1.700000e-01	1.800000e-01	1.210800e+00	7.780745e-03	7.780745e-03
1.800000e-01	1.900000e-01	1.096150e+00	7.403209e-03	7.403209e-03
1.900000e-01	2.000000e-01	9.846000e-01	7.016409e-03	7.016409e-03
2.000000e-01	2.100000e-01	8.999500e-01	6.708018e-03	6.708018e-03
2.100000e-01	2.200000e-01	8.054000e-01	6.345865e-03	6.345865e-03
2.200000e-01	2.300000e-01	7.337500e-01	6.057021e-03	6.057021e-03
2.300000e-01	2.400000e-01	6.587000e-01	5.738902e-03	5.738902e-03
2.400000e-01	2.500000e-01	6.051500e-01	5.500682e-03	5.500682e-03
2.500000e-01	2.600000e-01	5.446000e-01	5.218237e-03	5.218237e-03
2.600000e-01	2.700000e-01	4.996000e-01	4.998000e-03	4.998000e-03
2.700000e-01	2.800000e-01	4.584500e-01	4.787745e-03	4.787745e-03
2.800000e-01	2.900000e-01	4.122500e-01	4.540099e-03	4.540099e-03
2.900000e-01	3.000000e-01	3.770000e-01	4.341659e-03	4.341659e-03
3.000000e-01	3.100000e-01	3.383500e-01	4.113089e-03	4.113089e-03
3.100000e-01	3.200000e-01	3.075500e-01	3.921416e-03	3.921416e-03
3.200000e-01	3.300000e-01	2.750000e-01	3.708099e-03	3.708099e-03
3.300000e-01	3.400000e-01	2.357500e-01	3.433293e-03	3.433293e-03
3.400000e-01	3.500000e-01	2.203500e-01	3.319262e-03	3.319262e-03
3.500000e-01	3.600000e-01	1.906000e-01	3.087070e-03	3.087070e-03
3.600000e-01	3.700000e-01	1.721000e-01	2.933428e-03	2.933428e-03
3.700000e-01	3.800000e-01	1.516000e-01	2.753180e-03	2.753180e-03
3.800000e-01	3.900000e-01	1.308000e-01	2.557342e-03	2.557342e-03
3.900000e-01	4.000000e-01	1.165500e-01	2.414022e-03	2.414022e-03
4.000000e-01	4.100000e-01	9.560000e-02	2.186321e-03	2.186321e-03
4.100000e-01	4.200000e-01	7.995000e-02	1.999375e-03	1.999375e-03
4.200000e-01	4.300000e-01	6.765000e-02	1.839157e-03	1.839157e-03
4.300000e-01	4.400000e-01	5.710000e-02	1.689675e-03	1.689675e-03
4.400000e-01	4.500000e-01	4.485000e-02	1.497498e-03	1.497498e-03
4.500000e-01	4.600000e-01	3.345000e-02	1.293252e-03	1.293252e-03
4.600000e-01	4.700000e-01	2.525000e-02	1.123610e-03	1.123610e-03
4.700000e-01	4.800000e-01	1.845000e-02	9.604686e-04	9.604686e-04
4.800000e-01	4.900000e-01	1.155000e-02	7.599342e-04	7.599342e-04
4.900000e-01	5.000000e-01	8.950000e-03	6.689544e-04	6.689544e-04
5.000000e-01	5.100000e-01	5.400000e-03	5.196152e-04	5.196152e-04
5.100000e-01	5.200000e-01	2.850000e-03	3.774917e-04	3.774917e-04
5.200000e-01	5.300000e-01	1.750000e-03	2.958040e-04	2.958040e-04
5.300000e-01	5.400000e-01	9.000000e-04	2.121320e-04	2.121320e-04
5.400000e-01	5.500000e-01	2.500000e-04	1.118034e-04	1.118034e-04
5.500000e-01	5.600000e-01	1.500000e-04	8.660254e-05	8.660254e-05
5.600000e-01	5.700000e-01	1.500000e-04	8.660254e-05	8.660254e-05
5.700000e-01	5.800000e-01	1.000000e-04	7.071068e-05	7.071068e-05
# END HISTO1D

# BEGIN HISTO1D //media/adil/70aa4125-8ea2-43be-afcf-88b43c0b7507/adil/Work/QCD_events/RhoUp.yoda/ALEPH_2004_S5765862/d133-x01-y01
IsRef=1
LineColor=red
LineStyle=dotdashed
LineWidth=1.3pt
Path=//media/adil/70aa4125-8ea2-43be-afcf-88b43c0b7507/adil/Work/QCD_events/RhoUp.yoda/ALEPH_2004_S5765862/d133-x01-y01
ScaledBy=4.99999999999999977e-07
Title=$\Delta\rho=+10\%$
XLabel=
YLabel=
# xlow	 xhigh	 val	 errminus	 errplus
0.000000e+00	1.000000e-02	6.591000e+00	1.815351e-02	1.815351e-02
1.000000e-02	2.000000e-02	1.293190e+01	2.542823e-02	2.542823e-02
2.000000e-02	3.000000e-02	1.323095e+01	2.572057e-02	2.572057e-02
3.000000e-02	4.000000e-02	1.078825e+01	2.322526e-02	2.322526e-02
4.000000e-02	5.000000e-02	8.305300e+00	2.037805e-02	2.037805e-02
5.000000e-02	6.000000e-02	6.408500e+00	1.790042e-02	1.790042e-02
6.000000e-02	7.000000e-02	5.174200e+00	1.608446e-02	1.608446e-02
7.000000e-02	8.000000e-02	4.291400e+00	1.464821e-02	1.464821e-02
8.000000e-02	9.000000e-02	3.632500e+00	1.347683e-02	1.347683e-02
9.000000e-02	1.000000e-01	3.124500e+00	1.249900e-02	1.249900e-02
1.000000e-01	1.100000e-01	2.705650e+00	1.163110e-02	1.163110e-02
1.100000e-01	1.200000e-01	2.388900e+00	1.092909e-02	1.092909e-02
1.200000e-01	1.300000e-01	2.104200e+00	1.025719e-02	1.025719e-02
1.300000e-01	1.400000e-01	1.868550e+00	9.665790e-03	9.665790e-03
1.400000e-01	1.500000e-01	1.674200e+00	9.149317e-03	9.149317e-03
1.500000e-01	1.600000e-01	1.488450e+00	8.626848e-03	8.626848e-03
1.600000e-01	1.700000e-01	1.342250e+00	8.192222e-03	8.192222e-03
1.700000e-01	1.800000e-01	1.207850e+00	7.771261e-03	7.771261e-03
1.800000e-01	1.900000e-01	1.095150e+00	7.399831e-03	7.399831e-03
1.900000e-01	2.000000e-01	9.887500e-01	7.031181e-03	7.031181e-03
2.000000e-01	2.100000e-01	8.868000e-01	6.658829e-03	6.658829e-03
2.100000e-01	2.200000e-01	8.218000e-01	6.410148e-03	6.410148e-03
2.200000e-01	2.300000e-01	7.375000e-01	6.072479e-03	6.072479e-03
2.300000e-01	2.400000e-01	6.678500e-01	5.778624e-03	5.778624e-03
2.400000e-01	2.500000e-01	6.055000e-01	5.502272e-03	5.502272e-03
2.500000e-01	2.600000e-01	5.486000e-01	5.237366e-03	5.237366e-03
2.600000e-01	2.700000e-01	4.994000e-01	4.996999e-03	4.996999e-03
2.700000e-01	2.800000e-01	4.524500e-01	4.756312e-03	4.756312e-03
2.800000e-01	2.900000e-01	4.169000e-01	4.565632e-03	4.565632e-03
2.900000e-01	3.000000e-01	3.690000e-01	4.295346e-03	4.295346e-03
3.000000e-01	3.100000e-01	3.376500e-01	4.108832e-03	4.108832e-03
3.100000e-01	3.200000e-01	3.040500e-01	3.899038e-03	3.899038e-03
3.200000e-01	3.300000e-01	2.746500e-01	3.705739e-03	3.705739e-03
3.300000e-01	3.400000e-01	2.499000e-01	3.534827e-03	3.534827e-03
3.400000e-01	3.500000e-01	2.200500e-01	3.317002e-03	3.317002e-03
3.500000e-01	3.600000e-01	1.955000e-01	3.126500e-03	3.126500e-03
3.600000e-01	3.700000e-01	1.732000e-01	2.942788e-03	2.942788e-03
3.700000e-01	3.800000e-01	1.535000e-01	2.770379e-03	2.770379e-03
3.800000e-01	3.900000e-01	1.248500e-01	2.498500e-03	2.498500e-03
3.900000e-01	4.000000e-01	1.163500e-01	2.411949e-03	2.411949e-03
4.000000e-01	4.100000e-01	9.465000e-02	2.175431e-03	2.175431e-03
4.100000e-01	4.200000e-01	8.205000e-02	2.025463e-03	2.025463e-03
4.200000e-01	4.300000e-01	6.700000e-02	1.830301e-03	1.830301e-03
4.300000e-01	4.400000e-01	5.780000e-02	1.700000e-03	1.700000e-03
4.400000e-01	4.500000e-01	4.385000e-02	1.480709e-03	1.480709e-03
4.500000e-01	4.600000e-01	3.315000e-02	1.287439e-03	1.287439e-03
4.600000e-01	4.700000e-01	2.345000e-02	1.082820e-03	1.082820e-03
4.700000e-01	4.800000e-01	1.955000e-02	9.886860e-04	9.886860e-04
4.800000e-01	4.900000e-01	1.205000e-02	7.762087e-04	7.762087e-04
4.900000e-01	5.000000e-01	7.900000e-03	6.284903e-04	6.284903e-04
5.000000e-01	5.100000e-01	6.100000e-03	5.522681e-04	5.522681e-04
5.100000e-01	5.200000e-01	2.700000e-03	3.674235e-04	3.674235e-04
5.200000e-01	5.300000e-01	1.850000e-03	3.041381e-04	3.041381e-04
5.300000e-01	5.400000e-01	7.000000e-04	1.870829e-04	1.870829e-04
5.400000e-01	5.500000e-01	4.000000e-04	1.414214e-04	1.414214e-04
5.500000e-01	5.600000e-01	2.000000e-04	1.000000e-04	1.000000e-04
5.600000e-01	5.700000e-01	1.500000e-04	8.660254e-05	8.660254e-05
5.700000e-01	5.800000e-01	1.000000e-04	7.071068e-05	7.071068e-05
# END HISTO1D

# BEGIN HISTO1D //media/adil/70aa4125-8ea2-43be-afcf-88b43c0b7507/adil/Work/QCD_events/EtaDown.yoda/ALEPH_2004_S5765862/d133-x01-y01
IsRef=1
LineColor=blue
LineStyle=dashed
LineWidth=1.3pt
Path=//media/adil/70aa4125-8ea2-43be-afcf-88b43c0b7507/adil/Work/QCD_events/EtaDown.yoda/ALEPH_2004_S5765862/d133-x01-y01
ScaledBy=5.00000500000499952e-07
Title=$\Delta\eta=-10\%$
XLabel=
YLabel=
# xlow	 xhigh	 val	 errminus	 errplus
0.000000e+00	1.000000e-02	6.597357e+00	1.816227e-02	1.816227e-02
1.000000e-02	2.000000e-02	1.282686e+01	2.532477e-02	2.532477e-02
2.000000e-02	3.000000e-02	1.320741e+01	2.569769e-02	2.569769e-02
3.000000e-02	4.000000e-02	1.080931e+01	2.324793e-02	2.324793e-02
4.000000e-02	5.000000e-02	8.304708e+00	2.037734e-02	2.037734e-02
5.000000e-02	6.000000e-02	6.418456e+00	1.791433e-02	1.791433e-02
6.000000e-02	7.000000e-02	5.174255e+00	1.608456e-02	1.608456e-02
7.000000e-02	8.000000e-02	4.283104e+00	1.463405e-02	1.463405e-02
8.000000e-02	9.000000e-02	3.639904e+00	1.349057e-02	1.349057e-02
9.000000e-02	1.000000e-01	3.118203e+00	1.248640e-02	1.248640e-02
1.000000e-01	1.100000e-01	2.717003e+00	1.165548e-02	1.165548e-02
1.100000e-01	1.200000e-01	2.403602e+00	1.096267e-02	1.096267e-02
1.200000e-01	1.300000e-01	2.130052e+00	1.032001e-02	1.032001e-02
1.300000e-01	1.400000e-01	1.880902e+00	9.697690e-03	9.697690e-03
1.400000e-01	1.500000e-01	1.669252e+00	9.135791e-03	9.135791e-03
1.500000e-01	1.600000e-01	1.498001e+00	8.654487e-03	8.654487e-03
1.600000e-01	1.700000e-01	1.345401e+00	8.201837e-03	8.201837e-03
1.700000e-01	1.800000e-01	1.209651e+00	7.777057e-03	7.777057e-03
1.800000e-01	1.900000e-01	1.101201e+00	7.420250e-03	7.420250e-03
1.900000e-01	2.000000e-01	9.916510e-01	7.041491e-03	7.041491e-03
2.000000e-01	2.100000e-01	8.863509e-01	6.657146e-03	6.657146e-03
2.100000e-01	2.200000e-01	8.107008e-01	6.366717e-03	6.366717e-03
2.200000e-01	2.300000e-01	7.394007e-01	6.080302e-03	6.080302e-03
2.300000e-01	2.400000e-01	6.660007e-01	5.770621e-03	5.770621e-03
2.400000e-01	2.500000e-01	6.114506e-01	5.529246e-03	5.529246e-03
2.500000e-01	2.600000e-01	5.480005e-01	5.234506e-03	5.234506e-03
2.600000e-01	2.700000e-01	4.986505e-01	4.993250e-03	4.993250e-03
2.700000e-01	2.800000e-01	4.601005e-01	4.796358e-03	4.796358e-03
2.800000e-01	2.900000e-01	4.155004e-01	4.557964e-03	4.557964e-03
2.900000e-01	3.000000e-01	3.790004e-01	4.353164e-03	4.353164e-03
3.000000e-01	3.100000e-01	3.339503e-01	4.086261e-03	4.086261e-03
3.100000e-01	3.200000e-01	3.033503e-01	3.894551e-03	3.894551e-03
3.200000e-01	3.300000e-01	2.761003e-01	3.715512e-03	3.715512e-03
3.300000e-01	3.400000e-01	2.446002e-01	3.497145e-03	3.497145e-03
3.400000e-01	3.500000e-01	2.223502e-01	3.334295e-03	3.334295e-03
3.500000e-01	3.600000e-01	1.983502e-01	3.149209e-03	3.149209e-03
3.600000e-01	3.700000e-01	1.694002e-01	2.910329e-03	2.910329e-03
3.700000e-01	3.800000e-01	1.539002e-01	2.773989e-03	2.773989e-03
3.800000e-01	3.900000e-01	1.322501e-01	2.571481e-03	2.571481e-03
3.900000e-01	4.000000e-01	1.129001e-01	2.375923e-03	2.375923e-03
4.000000e-01	4.100000e-01	9.965010e-02	2.232154e-03	2.232154e-03
4.100000e-01	4.200000e-01	8.350008e-02	2.043284e-03	2.043284e-03
4.200000e-01	4.300000e-01	6.755007e-02	1.837799e-03	1.837799e-03
4.300000e-01	4.400000e-01	5.565006e-02	1.668085e-03	1.668085e-03
4.400000e-01	4.500000e-01	4.270004e-02	1.461165e-03	1.461165e-03
4.500000e-01	4.600000e-01	3.505004e-02	1.323822e-03	1.323822e-03
4.600000e-01	4.700000e-01	2.655003e-02	1.152173e-03	1.152173e-03
4.700000e-01	4.800000e-01	1.790002e-02	9.460453e-04	9.460453e-04
4.800000e-01	4.900000e-01	1.270001e-02	7.968697e-04	7.968697e-04
4.900000e-01	5.000000e-01	8.850009e-03	6.652074e-04	6.652074e-04
5.000000e-01	5.100000e-01	4.550005e-03	4.769701e-04	4.769701e-04
5.100000e-01	5.200000e-01	3.300003e-03	4.062023e-04	4.062023e-04
5.200000e-01	5.300000e-01	1.950002e-03	3.122502e-04	3.122502e-04
5.300000e-01	5.400000e-01	7.000007e-04	1.870831e-04	1.870831e-04
5.400000e-01	5.500000e-01	7.500008e-04	1.936494e-04	1.936494e-04
5.500000e-01	5.600000e-01	4.500005e-04	1.500002e-04	1.500002e-04
5.600000e-01	5.700000e-01	5.000005e-05	5.000005e-05	5.000005e-05
5.700000e-01	5.800000e-01	5.000005e-05	5.000005e-05	5.000005e-05
# END HISTO1D

# BEGIN HISTO1D //media/adil/70aa4125-8ea2-43be-afcf-88b43c0b7507/adil/Work/QCD_events/EtaUp.yoda/ALEPH_2004_S5765862/d133-x01-y01
IsRef=1
LineColor=blue
LineStyle=dotdashed
LineWidth=1.3pt$
Path=//media/adil/70aa4125-8ea2-43be-afcf-88b43c0b7507/adil/Work/QCD_events/EtaUp.yoda/ALEPH_2004_S5765862/d133-x01-y01
ScaledBy=4.99999999999999977e-07
Title=$\Delta\eta=+10\%$
XLabel=
YLabel=
# xlow	 xhigh	 val	 errminus	 errplus
0.000000e+00	1.000000e-02	6.567450e+00	1.812105e-02	1.812105e-02
1.000000e-02	2.000000e-02	1.286585e+01	2.536321e-02	2.536321e-02
2.000000e-02	3.000000e-02	1.321720e+01	2.570720e-02	2.570720e-02
3.000000e-02	4.000000e-02	1.080265e+01	2.324075e-02	2.324075e-02
4.000000e-02	5.000000e-02	8.319150e+00	2.039504e-02	2.039504e-02
5.000000e-02	6.000000e-02	6.471900e+00	1.798875e-02	1.798875e-02
6.000000e-02	7.000000e-02	5.165400e+00	1.607078e-02	1.607078e-02
7.000000e-02	8.000000e-02	4.278050e+00	1.462541e-02	1.462541e-02
8.000000e-02	9.000000e-02	3.633250e+00	1.347822e-02	1.347822e-02
9.000000e-02	1.000000e-01	3.135150e+00	1.252028e-02	1.252028e-02
1.000000e-01	1.100000e-01	2.698800e+00	1.161637e-02	1.161637e-02
1.100000e-01	1.200000e-01	2.392600e+00	1.093755e-02	1.093755e-02
1.200000e-01	1.300000e-01	2.128650e+00	1.031661e-02	1.031661e-02
1.300000e-01	1.400000e-01	1.871900e+00	9.674451e-03	9.674451e-03
1.400000e-01	1.500000e-01	1.678950e+00	9.162287e-03	9.162287e-03
1.500000e-01	1.600000e-01	1.506300e+00	8.678422e-03	8.678422e-03
1.600000e-01	1.700000e-01	1.341700e+00	8.190543e-03	8.190543e-03
1.700000e-01	1.800000e-01	1.225050e+00	7.826398e-03	7.826398e-03
1.800000e-01	1.900000e-01	1.088900e+00	7.378686e-03	7.378686e-03
1.900000e-01	2.000000e-01	9.812000e-01	7.004284e-03	7.004284e-03
2.000000e-01	2.100000e-01	8.977000e-01	6.699627e-03	6.699627e-03
2.100000e-01	2.200000e-01	8.109000e-01	6.367496e-03	6.367496e-03
2.200000e-01	2.300000e-01	7.298000e-01	6.040695e-03	6.040695e-03
2.300000e-01	2.400000e-01	6.691500e-01	5.784246e-03	5.784246e-03
2.400000e-01	2.500000e-01	6.143000e-01	5.542112e-03	5.542112e-03
2.500000e-01	2.600000e-01	5.517000e-01	5.252142e-03	5.252142e-03
2.600000e-01	2.700000e-01	4.933000e-01	4.966387e-03	4.966387e-03
2.700000e-01	2.800000e-01	4.538500e-01	4.763665e-03	4.763665e-03
2.800000e-01	2.900000e-01	4.018000e-01	4.482187e-03	4.482187e-03
2.900000e-01	3.000000e-01	3.742500e-01	4.325795e-03	4.325795e-03
3.000000e-01	3.100000e-01	3.322500e-01	4.075843e-03	4.075843e-03
3.100000e-01	3.200000e-01	2.963000e-01	3.849026e-03	3.849026e-03
3.200000e-01	3.300000e-01	2.703500e-01	3.676615e-03	3.676615e-03
3.300000e-01	3.400000e-01	2.433500e-01	3.488194e-03	3.488194e-03
3.400000e-01	3.500000e-01	2.203000e-01	3.318885e-03	3.318885e-03
3.500000e-01	3.600000e-01	1.972000e-01	3.140064e-03	3.140064e-03
3.600000e-01	3.700000e-01	1.736000e-01	2.946184e-03	2.946184e-03
3.700000e-01	3.800000e-01	1.509000e-01	2.746816e-03	2.746816e-03
3.800000e-01	3.900000e-01	1.265500e-01	2.515452e-03	2.515452e-03
3.900000e-01	4.000000e-01	1.106500e-01	2.352127e-03	2.352127e-03
4.000000e-01	4.100000e-01	1.008000e-01	2.244994e-03	2.244994e-03
4.100000e-01	4.200000e-01	8.635000e-02	2.077859e-03	2.077859e-03
4.200000e-01	4.300000e-01	6.580000e-02	1.813836e-03	1.813836e-03
4.300000e-01	4.400000e-01	5.715000e-02	1.690414e-03	1.690414e-03
4.400000e-01	4.500000e-01	4.680000e-02	1.529706e-03	1.529706e-03
4.500000e-01	4.600000e-01	3.250000e-02	1.274755e-03	1.274755e-03
4.600000e-01	4.700000e-01	2.540000e-02	1.126943e-03	1.126943e-03
4.700000e-01	4.800000e-01	1.750000e-02	9.354143e-04	9.354143e-04
4.800000e-01	4.900000e-01	1.210000e-02	7.778175e-04	7.778175e-04
4.900000e-01	5.000000e-01	8.700000e-03	6.595453e-04	6.595453e-04
5.000000e-01	5.100000e-01	3.850000e-03	4.387482e-04	4.387482e-04
5.100000e-01	5.200000e-01	2.900000e-03	3.807887e-04	3.807887e-04
5.200000e-01	5.300000e-01	1.250000e-03	2.500000e-04	2.500000e-04
5.300000e-01	5.400000e-01	8.000000e-04	2.000000e-04	2.000000e-04
5.400000e-01	5.500000e-01	3.500000e-04	1.322876e-04	1.322876e-04
5.500000e-01	5.600000e-01	2.000000e-04	1.000000e-04	1.000000e-04
5.600000e-01	5.700000e-01	5.000000e-05	5.000000e-05	5.000000e-05
5.700000e-01	5.800000e-01	1.000000e-04	7.071068e-05	7.071068e-05
# END HISTO1D

