# BEGIN PLOT
LegendOnly=/ALEPH_2004_S5765862/d165-x01-y01 //media/adil/70aa4125-8ea2-43be-afcf-88b43c0b7507/adil/Work/QCD_events/Monash.yoda/ALEPH_2004_S5765862/d165-x01-y01 //media/adil/70aa4125-8ea2-43be-afcf-88b43c0b7507/adil/Work/QCD_events/RhoDown.yoda/ALEPH_2004_S5765862/d165-x01-y01 //media/adil/70aa4125-8ea2-43be-afcf-88b43c0b7507/adil/Work/QCD_events/RhoUp.yoda/ALEPH_2004_S5765862/d165-x01-y01 //media/adil/70aa4125-8ea2-43be-afcf-88b43c0b7507/adil/Work/QCD_events/EtaDown.yoda/ALEPH_2004_S5765862/d165-x01-y01 //media/adil/70aa4125-8ea2-43be-afcf-88b43c0b7507/adil/Work/QCD_events/EtaUp.yoda/ALEPH_2004_S5765862/d165-x01-y01
DrawOnly=/ALEPH_2004_S5765862/d165-x01-y01 //media/adil/70aa4125-8ea2-43be-afcf-88b43c0b7507/adil/Work/QCD_events/Monash.yoda/ALEPH_2004_S5765862/d165-x01-y01 //media/adil/70aa4125-8ea2-43be-afcf-88b43c0b7507/adil/Work/QCD_events/RhoDown.yoda/ALEPH_2004_S5765862/d165-x01-y01 //media/adil/70aa4125-8ea2-43be-afcf-88b43c0b7507/adil/Work/QCD_events/RhoUp.yoda/ALEPH_2004_S5765862/d165-x01-y01 //media/adil/70aa4125-8ea2-43be-afcf-88b43c0b7507/adil/Work/QCD_events/EtaDown.yoda/ALEPH_2004_S5765862/d165-x01-y01 //media/adil/70aa4125-8ea2-43be-afcf-88b43c0b7507/adil/Work/QCD_events/EtaUp.yoda/ALEPH_2004_S5765862/d165-x01-y01
Title=Durham jet resolution $4 \to 3$ ($E_\mathrm{CMS}=91.2$ GeV)
RatioPlot=1
LogY=1
RatioPlotReference=/ALEPH_2004_S5765862/d165-x01-y01
LegendXPos=0.25
XLabel=$-\ln(y_{34})$
YLabel=$1/\sigma \; \mathrm{d}\sigma/\mathrm{d}\ln(y_{34})$
LegendYPos=0.4
Legend=1
# END PLOT

# BEGIN HISTO1D /ALEPH_2004_S5765862/d165-x01-y01
ConnectBins=0
ErrorBars=1
IsRef=1
Path=/ALEPH_2004_S5765862/d165-x01-y01
PolyMarker=*
Title=Data
# xlow	 xhigh	 val	 errminus	 errplus
2.000000e+00	2.200000e+00	1.300000e-04	5.744563e-05	5.744563e-05
2.200000e+00	2.400000e+00	4.700000e-04	1.805547e-04	1.805547e-04
2.400000e+00	2.600000e+00	1.100000e-03	2.389561e-04	2.389561e-04
2.600000e+00	2.800000e+00	2.510000e-03	4.913247e-04	4.913247e-04
2.800000e+00	3.000000e+00	5.190000e-03	5.148786e-04	5.148786e-04
3.000000e+00	3.200000e+00	8.610000e-03	2.988311e-04	2.988311e-04
3.200000e+00	3.400000e+00	1.304000e-02	7.017834e-04	7.017834e-04
3.400000e+00	3.600000e+00	1.826000e-02	8.868484e-04	8.868484e-04
3.600000e+00	3.800000e+00	2.475000e-02	1.198207e-03	1.198207e-03
3.800000e+00	4.000000e+00	3.261000e-02	1.567195e-03	1.567195e-03
4.000000e+00	4.200000e+00	4.130000e-02	2.947898e-03	2.947898e-03
4.200000e+00	4.400000e+00	5.349000e-02	3.093542e-03	3.093542e-03
4.400000e+00	4.600000e+00	6.386000e-02	3.668133e-03	3.668133e-03
4.600000e+00	4.800000e+00	7.946000e-02	5.067406e-03	5.067406e-03
4.800000e+00	5.000000e+00	9.711000e-02	5.700509e-03	5.700509e-03
5.000000e+00	5.200000e+00	1.176300e-01	7.411053e-03	7.411053e-03
5.200000e+00	5.400000e+00	1.415000e-01	7.255660e-03	7.255660e-03
5.400000e+00	5.600000e+00	1.723600e-01	8.887497e-03	8.887497e-03
5.600000e+00	5.800000e+00	2.105700e-01	1.062336e-02	1.062336e-02
5.800000e+00	6.000000e+00	2.477000e-01	7.690130e-03	7.690130e-03
6.000000e+00	6.200000e+00	2.972000e-01	9.205900e-03	9.205900e-03
6.200000e+00	6.400000e+00	3.341000e-01	1.090094e-02	1.090094e-02
6.400000e+00	6.600000e+00	3.662100e-01	6.264399e-03	6.264399e-03
6.600000e+00	6.800000e+00	3.923200e-01	6.649880e-03	6.649880e-03
6.800000e+00	7.000000e+00	3.903300e-01	5.682860e-03	5.682860e-03
7.000000e+00	7.200000e+00	3.762100e-01	1.014947e-02	1.014947e-02
7.200000e+00	7.400000e+00	3.455200e-01	9.753553e-03	9.753553e-03
7.400000e+00	7.600000e+00	3.043400e-01	8.411861e-03	8.411861e-03
7.600000e+00	7.800000e+00	2.556400e-01	1.192910e-02	1.192910e-02
7.800000e+00	8.000000e+00	2.029200e-01	9.862074e-03	9.862074e-03
8.000000e+00	8.200000e+00	1.493300e-01	7.440504e-03	7.440504e-03
8.200000e+00	8.400000e+00	1.030000e-01	5.356874e-03	5.356874e-03
8.400000e+00	8.600000e+00	6.651000e-02	4.127917e-03	4.127917e-03
8.600000e+00	8.800000e+00	3.837000e-02	2.243346e-03	2.243346e-03
8.800000e+00	9.000000e+00	2.175000e-02	2.001100e-03	2.001100e-03
9.000000e+00	9.200000e+00	1.045000e-02	1.298769e-03	1.298769e-03
9.200000e+00	9.400000e+00	5.970000e-03	1.510761e-03	1.510761e-03
9.400000e+00	9.600000e+00	2.830000e-03	1.221556e-03	1.221556e-03
9.600000e+00	9.800000e+00	1.710000e-03	9.555103e-04	9.555103e-04
9.800000e+00	1.000000e+01	1.020000e-03	7.529276e-04	7.529276e-04
1.000000e+01	1.020000e+01	5.300000e-04	5.707889e-04	5.707889e-04
1.020000e+01	1.040000e+01	3.400000e-04	3.737646e-04	3.737646e-04
1.040000e+01	1.060000e+01	3.200000e-04	3.891015e-04	3.891015e-04
1.060000e+01	1.080000e+01	4.400000e-04	5.553377e-04	5.553377e-04
1.080000e+01	1.100000e+01	3.700000e-04	4.940648e-04	4.940648e-04
1.100000e+01	1.120000e+01	4.100000e-04	1.080787e-03	1.080787e-03
1.120000e+01	1.140000e+01	2.200000e-04	3.269557e-04	3.269557e-04
# END HISTO1D

# BEGIN HISTO1D //media/adil/70aa4125-8ea2-43be-afcf-88b43c0b7507/adil/Work/QCD_events/Monash.yoda/ALEPH_2004_S5765862/d165-x01-y01
IsRef=1
LineColor=red
LineStyle=solid
LineWidth=1.3pt
Path=//media/adil/70aa4125-8ea2-43be-afcf-88b43c0b7507/adil/Work/QCD_events/Monash.yoda/ALEPH_2004_S5765862/d165-x01-y01
ScaledBy=4.99999999999999977e-07
Title=nominal
XLabel=
YLabel=
# xlow	 xhigh	 val	 errminus	 errplus
2.000000e+00	2.200000e+00	8.250000e-05	1.436141e-05	1.436141e-05
2.200000e+00	2.400000e+00	4.025000e-04	3.172144e-05	3.172144e-05
2.400000e+00	2.600000e+00	1.157500e-03	5.379359e-05	5.379359e-05
2.600000e+00	2.800000e+00	2.647500e-03	8.135570e-05	8.135570e-05
2.800000e+00	3.000000e+00	4.792500e-03	1.094589e-04	1.094589e-04
3.000000e+00	3.200000e+00	7.695000e-03	1.386993e-04	1.386993e-04
3.200000e+00	3.400000e+00	1.155250e-02	1.699448e-04	1.699448e-04
3.400000e+00	3.600000e+00	1.684250e-02	2.051981e-04	2.051981e-04
3.600000e+00	3.800000e+00	2.280000e-02	2.387467e-04	2.387467e-04
3.800000e+00	4.000000e+00	3.074500e-02	2.772409e-04	2.772409e-04
4.000000e+00	4.200000e+00	3.976250e-02	3.152876e-04	3.152876e-04
4.200000e+00	4.400000e+00	5.050000e-02	3.553168e-04	3.553168e-04
4.400000e+00	4.600000e+00	6.388750e-02	3.996483e-04	3.996483e-04
4.600000e+00	4.800000e+00	7.907500e-02	4.446206e-04	4.446206e-04
4.800000e+00	5.000000e+00	9.827750e-02	4.956750e-04	4.956750e-04
5.000000e+00	5.200000e+00	1.209025e-01	5.497784e-04	5.497784e-04
5.200000e+00	5.400000e+00	1.506275e-01	6.136520e-04	6.136520e-04
5.400000e+00	5.600000e+00	1.857300e-01	6.814140e-04	6.814140e-04
5.600000e+00	5.800000e+00	2.269400e-01	7.532264e-04	7.532264e-04
5.800000e+00	6.000000e+00	2.736675e-01	8.271449e-04	8.271449e-04
6.000000e+00	6.200000e+00	3.185275e-01	8.923669e-04	8.923669e-04
6.200000e+00	6.400000e+00	3.593025e-01	9.477638e-04	9.477638e-04
6.400000e+00	6.600000e+00	3.898875e-01	9.872785e-04	9.872785e-04
6.600000e+00	6.800000e+00	4.000925e-01	1.000116e-03	1.000116e-03
6.800000e+00	7.000000e+00	3.955525e-01	9.944251e-04	9.944251e-04
7.000000e+00	7.200000e+00	3.732225e-01	9.659484e-04	9.659484e-04
7.200000e+00	7.400000e+00	3.344425e-01	9.143885e-04	9.143885e-04
7.400000e+00	7.600000e+00	2.856950e-01	8.451257e-04	8.451257e-04
7.600000e+00	7.800000e+00	2.326700e-01	7.626762e-04	7.626762e-04
7.800000e+00	8.000000e+00	1.787650e-01	6.685151e-04	6.685151e-04
8.000000e+00	8.200000e+00	1.305625e-01	5.713197e-04	5.713197e-04
8.200000e+00	8.400000e+00	8.899750e-02	4.716924e-04	4.716924e-04
8.400000e+00	8.600000e+00	5.624250e-02	3.749750e-04	3.749750e-04
8.600000e+00	8.800000e+00	3.267250e-02	2.857993e-04	2.857993e-04
8.800000e+00	9.000000e+00	1.823500e-02	2.135123e-04	2.135123e-04
9.000000e+00	9.200000e+00	9.155000e-03	1.512862e-04	1.512862e-04
9.200000e+00	9.400000e+00	4.322500e-03	1.039531e-04	1.039531e-04
9.400000e+00	9.600000e+00	2.005000e-03	7.079901e-05	7.079901e-05
9.600000e+00	9.800000e+00	9.250000e-04	4.808846e-05	4.808846e-05
9.800000e+00	1.000000e+01	3.175000e-04	2.817357e-05	2.817357e-05
1.000000e+01	1.020000e+01	1.550000e-04	1.968502e-05	1.968502e-05
1.020000e+01	1.040000e+01	9.250000e-05	1.520691e-05	1.520691e-05
1.040000e+01	1.060000e+01	3.000000e-05	8.660254e-06	8.660254e-06
1.060000e+01	1.080000e+01	1.500000e-05	6.123724e-06	6.123724e-06
1.080000e+01	1.100000e+01	7.500000e-06	4.330127e-06	4.330127e-06
1.100000e+01	1.120000e+01	5.000000e-06	3.535534e-06	3.535534e-06
1.120000e+01	1.140000e+01	2.500000e-06	2.500000e-06	2.500000e-06
# END HISTO1D

# BEGIN HISTO1D //media/adil/70aa4125-8ea2-43be-afcf-88b43c0b7507/adil/Work/QCD_events/RhoDown.yoda/ALEPH_2004_S5765862/d165-x01-y01
IsRef=1
LineColor=red
LineStyle=dashed
LineWidth=1.3pt
Path=//media/adil/70aa4125-8ea2-43be-afcf-88b43c0b7507/adil/Work/QCD_events/RhoDown.yoda/ALEPH_2004_S5765862/d165-x01-y01
ScaledBy=4.99999999999999977e-07
Title=$\Delta\rho=-10\%$
XLabel=
YLabel=
# xlow	 xhigh	 val	 errminus	 errplus
2.000000e+00	2.200000e+00	1.050000e-04	1.620185e-05	1.620185e-05
2.200000e+00	2.400000e+00	4.250000e-04	3.259601e-05	3.259601e-05
2.400000e+00	2.600000e+00	1.170000e-03	5.408327e-05	5.408327e-05
2.600000e+00	2.800000e+00	2.590000e-03	8.046738e-05	8.046738e-05
2.800000e+00	3.000000e+00	4.755000e-03	1.090298e-04	1.090298e-04
3.000000e+00	3.200000e+00	7.802500e-03	1.396648e-04	1.396648e-04
3.200000e+00	3.400000e+00	1.161500e-02	1.704039e-04	1.704039e-04
3.400000e+00	3.600000e+00	1.674000e-02	2.045727e-04	2.045727e-04
3.600000e+00	3.800000e+00	2.356250e-02	2.427061e-04	2.427061e-04
3.800000e+00	4.000000e+00	3.114750e-02	2.790497e-04	2.790497e-04
4.000000e+00	4.200000e+00	3.968250e-02	3.149702e-04	3.149702e-04
4.200000e+00	4.400000e+00	5.041000e-02	3.550000e-04	3.550000e-04
4.400000e+00	4.600000e+00	6.394250e-02	3.998203e-04	3.998203e-04
4.600000e+00	4.800000e+00	7.966500e-02	4.462763e-04	4.462763e-04
4.800000e+00	5.000000e+00	9.778250e-02	4.944252e-04	4.944252e-04
5.000000e+00	5.200000e+00	1.212650e-01	5.506019e-04	5.506019e-04
5.200000e+00	5.400000e+00	1.501925e-01	6.127652e-04	6.127652e-04
5.400000e+00	5.600000e+00	1.848450e-01	6.797886e-04	6.797886e-04
5.600000e+00	5.800000e+00	2.272600e-01	7.537573e-04	7.537573e-04
5.800000e+00	6.000000e+00	2.718525e-01	8.243975e-04	8.243975e-04
6.000000e+00	6.200000e+00	3.186250e-01	8.925035e-04	8.925035e-04
6.200000e+00	6.400000e+00	3.573825e-01	9.452281e-04	9.452281e-04
6.400000e+00	6.600000e+00	3.883750e-01	9.853616e-04	9.853616e-04
6.600000e+00	6.800000e+00	4.015300e-01	1.001911e-03	1.001911e-03
6.800000e+00	7.000000e+00	3.963325e-01	9.954051e-04	9.954051e-04
7.000000e+00	7.200000e+00	3.722125e-01	9.646405e-04	9.646405e-04
7.200000e+00	7.400000e+00	3.350125e-01	9.151673e-04	9.151673e-04
7.400000e+00	7.600000e+00	2.873325e-01	8.475442e-04	8.475442e-04
7.600000e+00	7.800000e+00	2.324600e-01	7.623319e-04	7.623319e-04
7.800000e+00	8.000000e+00	1.792050e-01	6.693374e-04	6.693374e-04
8.000000e+00	8.200000e+00	1.306175e-01	5.714401e-04	5.714401e-04
8.200000e+00	8.400000e+00	8.913000e-02	4.720434e-04	4.720434e-04
8.400000e+00	8.600000e+00	5.640500e-02	3.755163e-04	3.755163e-04
8.600000e+00	8.800000e+00	3.312750e-02	2.877825e-04	2.877825e-04
8.800000e+00	9.000000e+00	1.814000e-02	2.129554e-04	2.129554e-04
9.000000e+00	9.200000e+00	9.375000e-03	1.530931e-04	1.530931e-04
9.200000e+00	9.400000e+00	4.482500e-03	1.058596e-04	1.058596e-04
9.400000e+00	9.600000e+00	1.967500e-03	7.013380e-05	7.013380e-05
9.600000e+00	9.800000e+00	7.975000e-04	4.465143e-05	4.465143e-05
9.800000e+00	1.000000e+01	3.825000e-04	3.092329e-05	3.092329e-05
1.000000e+01	1.020000e+01	1.625000e-04	2.015564e-05	2.015564e-05
1.020000e+01	1.040000e+01	7.500000e-05	1.369306e-05	1.369306e-05
1.040000e+01	1.060000e+01	2.250000e-05	7.500000e-06	7.500000e-06
1.060000e+01	1.080000e+01	1.500000e-05	6.123724e-06	6.123724e-06
1.080000e+01	1.100000e+01	7.500000e-06	4.330127e-06	4.330127e-06
1.100000e+01	1.120000e+01	5.000000e-06	3.535534e-06	3.535534e-06
1.120000e+01	1.140000e+01	2.500000e-06	2.500000e-06	2.500000e-06
# END HISTO1D

# BEGIN HISTO1D //media/adil/70aa4125-8ea2-43be-afcf-88b43c0b7507/adil/Work/QCD_events/RhoUp.yoda/ALEPH_2004_S5765862/d165-x01-y01
IsRef=1
LineColor=red
LineStyle=dotdashed
LineWidth=1.3pt
Path=//media/adil/70aa4125-8ea2-43be-afcf-88b43c0b7507/adil/Work/QCD_events/RhoUp.yoda/ALEPH_2004_S5765862/d165-x01-y01
ScaledBy=4.99999999999999977e-07
Title=$\Delta\rho=+10\%$
XLabel=
YLabel=
# xlow	 xhigh	 val	 errminus	 errplus
2.000000e+00	2.200000e+00	9.250000e-05	1.520691e-05	1.520691e-05
2.200000e+00	2.400000e+00	4.075000e-04	3.191786e-05	3.191786e-05
2.400000e+00	2.600000e+00	1.162500e-03	5.390965e-05	5.390965e-05
2.600000e+00	2.800000e+00	2.635000e-03	8.116342e-05	8.116342e-05
2.800000e+00	3.000000e+00	4.845000e-03	1.100568e-04	1.100568e-04
3.000000e+00	3.200000e+00	7.642500e-03	1.382254e-04	1.382254e-04
3.200000e+00	3.400000e+00	1.175500e-02	1.714278e-04	1.714278e-04
3.400000e+00	3.600000e+00	1.670000e-02	2.043282e-04	2.043282e-04
3.600000e+00	3.800000e+00	2.305250e-02	2.400651e-04	2.400651e-04
3.800000e+00	4.000000e+00	3.052250e-02	2.762359e-04	2.762359e-04
4.000000e+00	4.200000e+00	3.997250e-02	3.161190e-04	3.161190e-04
4.200000e+00	4.400000e+00	5.123500e-02	3.578931e-04	3.578931e-04
4.400000e+00	4.600000e+00	6.422000e-02	4.006869e-04	4.006869e-04
4.600000e+00	4.800000e+00	7.954750e-02	4.459470e-04	4.459470e-04
4.800000e+00	5.000000e+00	9.779250e-02	4.944505e-04	4.944505e-04
5.000000e+00	5.200000e+00	1.223275e-01	5.530088e-04	5.530088e-04
5.200000e+00	5.400000e+00	1.505300e-01	6.134533e-04	6.134533e-04
5.400000e+00	5.600000e+00	1.845000e-01	6.791539e-04	6.791539e-04
5.600000e+00	5.800000e+00	2.273800e-01	7.539562e-04	7.539562e-04
5.800000e+00	6.000000e+00	2.716550e-01	8.240980e-04	8.240980e-04
6.000000e+00	6.200000e+00	3.190175e-01	8.930530e-04	8.930530e-04
6.200000e+00	6.400000e+00	3.577075e-01	9.456578e-04	9.456578e-04
6.400000e+00	6.600000e+00	3.877200e-01	9.845303e-04	9.845303e-04
6.600000e+00	6.800000e+00	4.016475e-01	1.002057e-03	1.002057e-03
6.800000e+00	7.000000e+00	3.954600e-01	9.943088e-04	9.943088e-04
7.000000e+00	7.200000e+00	3.751375e-01	9.684233e-04	9.684233e-04
7.200000e+00	7.400000e+00	3.349575e-01	9.150922e-04	9.150922e-04
7.400000e+00	7.600000e+00	2.861650e-01	8.458206e-04	8.458206e-04
7.600000e+00	7.800000e+00	2.325950e-01	7.625533e-04	7.625533e-04
7.800000e+00	8.000000e+00	1.787275e-01	6.684450e-04	6.684450e-04
8.000000e+00	8.200000e+00	1.302650e-01	5.706685e-04	5.706685e-04
8.200000e+00	8.400000e+00	8.919500e-02	4.722155e-04	4.722155e-04
8.400000e+00	8.600000e+00	5.634250e-02	3.753082e-04	3.753082e-04
8.600000e+00	8.800000e+00	3.259500e-02	2.854602e-04	2.854602e-04
8.800000e+00	9.000000e+00	1.766750e-02	2.101636e-04	2.101636e-04
9.000000e+00	9.200000e+00	9.175000e-03	1.514513e-04	1.514513e-04
9.200000e+00	9.400000e+00	4.240000e-03	1.029563e-04	1.029563e-04
9.400000e+00	9.600000e+00	1.902500e-03	6.896557e-05	6.896557e-05
9.600000e+00	9.800000e+00	8.725000e-04	4.670385e-05	4.670385e-05
9.800000e+00	1.000000e+01	3.900000e-04	3.122499e-05	3.122499e-05
1.000000e+01	1.020000e+01	1.275000e-04	1.785357e-05	1.785357e-05
1.020000e+01	1.040000e+01	6.000000e-05	1.224745e-05	1.224745e-05
1.040000e+01	1.060000e+01	1.750000e-05	6.614378e-06	6.614378e-06
1.060000e+01	1.080000e+01	1.000000e-05	5.000000e-06	5.000000e-06
1.080000e+01	1.100000e+01	1.000000e-05	5.000000e-06	5.000000e-06
1.100000e+01	1.120000e+01	0.000000e+00	0.000000e+00	0.000000e+00
1.120000e+01	1.140000e+01	2.500000e-06	2.500000e-06	2.500000e-06
# END HISTO1D

# BEGIN HISTO1D //media/adil/70aa4125-8ea2-43be-afcf-88b43c0b7507/adil/Work/QCD_events/EtaDown.yoda/ALEPH_2004_S5765862/d165-x01-y01
IsRef=1
LineColor=blue
LineStyle=dashed
LineWidth=1.3pt
Path=//media/adil/70aa4125-8ea2-43be-afcf-88b43c0b7507/adil/Work/QCD_events/EtaDown.yoda/ALEPH_2004_S5765862/d165-x01-y01
ScaledBy=5.00000500000499952e-07
Title=$\Delta\eta=-10\%$
XLabel=
YLabel=
# xlow	 xhigh	 val	 errminus	 errplus
2.000000e+00	2.200000e+00	6.000005e-05	1.224746e-05	1.224746e-05
2.200000e+00	2.400000e+00	3.550004e-04	2.979097e-05	2.979097e-05
2.400000e+00	2.600000e+00	1.160001e-03	5.385169e-05	5.385169e-05
2.600000e+00	2.800000e+00	2.482503e-03	7.877984e-05	7.877984e-05
2.800000e+00	3.000000e+00	4.752505e-03	1.090013e-04	1.090013e-04
3.000000e+00	3.200000e+00	7.857510e-03	1.401563e-04	1.401563e-04
3.200000e+00	3.400000e+00	1.188251e-02	1.723552e-04	1.723552e-04
3.400000e+00	3.600000e+00	1.669501e-02	2.042978e-04	2.042978e-04
3.600000e+00	3.800000e+00	2.319753e-02	2.408192e-04	2.408192e-04
3.800000e+00	4.000000e+00	3.063003e-02	2.767222e-04	2.767222e-04
4.000000e+00	4.200000e+00	3.948004e-02	3.141659e-04	3.141659e-04
4.200000e+00	4.400000e+00	5.101255e-02	3.571155e-04	3.571155e-04
4.400000e+00	4.600000e+00	6.383505e-02	3.994844e-04	3.994844e-04
4.600000e+00	4.800000e+00	7.921010e-02	4.450004e-04	4.450004e-04
4.800000e+00	5.000000e+00	9.751510e-02	4.937489e-04	4.937489e-04
5.000000e+00	5.200000e+00	1.215101e-01	5.511583e-04	5.511583e-04
5.200000e+00	5.400000e+00	1.509976e-01	6.144058e-04	6.144058e-04
5.400000e+00	5.600000e+00	1.865852e-01	6.829813e-04	6.829813e-04
5.600000e+00	5.800000e+00	2.263102e-01	7.521810e-04	7.521810e-04
5.800000e+00	6.000000e+00	2.729727e-01	8.260947e-04	8.260947e-04
6.000000e+00	6.200000e+00	3.191678e-01	8.932638e-04	8.932638e-04
6.200000e+00	6.400000e+00	3.577328e-01	9.456918e-04	9.456918e-04
6.400000e+00	6.600000e+00	3.888054e-01	9.859080e-04	9.859080e-04
6.600000e+00	6.800000e+00	4.007179e-01	1.000897e-03	1.000897e-03
6.800000e+00	7.000000e+00	3.955204e-01	9.943852e-04	9.943852e-04
7.000000e+00	7.200000e+00	3.725353e-01	9.650592e-04	9.650592e-04
7.200000e+00	7.400000e+00	3.341553e-01	9.139963e-04	9.139963e-04
7.400000e+00	7.600000e+00	2.870078e-01	8.470657e-04	8.470657e-04
7.600000e+00	7.800000e+00	2.326827e-01	7.626975e-04	7.626975e-04
7.800000e+00	8.000000e+00	1.782477e-01	6.675476e-04	6.675476e-04
8.000000e+00	8.200000e+00	1.317002e-01	5.738038e-04	5.738038e-04
8.200000e+00	8.400000e+00	8.873510e-02	4.709968e-04	4.709968e-04
8.400000e+00	8.600000e+00	5.631005e-02	3.752003e-04	3.752003e-04
8.600000e+00	8.800000e+00	3.292253e-02	2.868910e-04	2.868910e-04
8.800000e+00	9.000000e+00	1.818252e-02	2.132049e-04	2.132049e-04
9.000000e+00	9.200000e+00	9.172510e-03	1.514308e-04	1.514308e-04
9.200000e+00	9.400000e+00	4.417504e-03	1.050894e-04	1.050894e-04
9.400000e+00	9.600000e+00	1.985002e-03	7.044508e-05	7.044508e-05
9.600000e+00	9.800000e+00	8.725010e-04	4.670390e-05	4.670390e-05
9.800000e+00	1.000000e+01	3.675004e-04	3.031092e-05	3.031092e-05
1.000000e+01	1.020000e+01	1.400002e-04	1.870831e-05	1.870831e-05
1.020000e+01	1.040000e+01	6.750005e-05	1.299039e-05	1.299039e-05
1.040000e+01	1.060000e+01	2.750003e-05	8.291571e-06	8.291571e-06
1.060000e+01	1.080000e+01	5.000005e-06	3.535537e-06	3.535537e-06
1.080000e+01	1.100000e+01	1.000001e-05	5.000005e-06	5.000005e-06
1.100000e+01	1.120000e+01	0.000000e+00	0.000000e+00	0.000000e+00
1.120000e+01	1.140000e+01	0.000000e+00	0.000000e+00	0.000000e+00
# END HISTO1D

# BEGIN HISTO1D //media/adil/70aa4125-8ea2-43be-afcf-88b43c0b7507/adil/Work/QCD_events/EtaUp.yoda/ALEPH_2004_S5765862/d165-x01-y01
IsRef=1
LineColor=blue
LineStyle=dotdashed
LineWidth=1.3pt$
Path=//media/adil/70aa4125-8ea2-43be-afcf-88b43c0b7507/adil/Work/QCD_events/EtaUp.yoda/ALEPH_2004_S5765862/d165-x01-y01
ScaledBy=4.99999999999999977e-07
Title=$\Delta\eta=+10\%$
XLabel=
YLabel=
# xlow	 xhigh	 val	 errminus	 errplus
2.000000e+00	2.200000e+00	9.000000e-05	1.500000e-05	1.500000e-05
2.200000e+00	2.400000e+00	4.075000e-04	3.191786e-05	3.191786e-05
2.400000e+00	2.600000e+00	1.232500e-03	5.550901e-05	5.550901e-05
2.600000e+00	2.800000e+00	2.505000e-03	7.913596e-05	7.913596e-05
2.800000e+00	3.000000e+00	4.677500e-03	1.081376e-04	1.081376e-04
3.000000e+00	3.200000e+00	7.727500e-03	1.389919e-04	1.389919e-04
3.200000e+00	3.400000e+00	1.142000e-02	1.689675e-04	1.689675e-04
3.400000e+00	3.600000e+00	1.696250e-02	2.059278e-04	2.059278e-04
3.600000e+00	3.800000e+00	2.328750e-02	2.412856e-04	2.412856e-04
3.800000e+00	4.000000e+00	3.031000e-02	2.752726e-04	2.752726e-04
4.000000e+00	4.200000e+00	4.008000e-02	3.165438e-04	3.165438e-04
4.200000e+00	4.400000e+00	5.049750e-02	3.553080e-04	3.553080e-04
4.400000e+00	4.600000e+00	6.354750e-02	3.985834e-04	3.985834e-04
4.600000e+00	4.800000e+00	7.904500e-02	4.445363e-04	4.445363e-04
4.800000e+00	5.000000e+00	9.835750e-02	4.958767e-04	4.958767e-04
5.000000e+00	5.200000e+00	1.210350e-01	5.500795e-04	5.500795e-04
5.200000e+00	5.400000e+00	1.507275e-01	6.138556e-04	6.138556e-04
5.400000e+00	5.600000e+00	1.845075e-01	6.791677e-04	6.791677e-04
5.600000e+00	5.800000e+00	2.272650e-01	7.537655e-04	7.537655e-04
5.800000e+00	6.000000e+00	2.746800e-01	8.286736e-04	8.286736e-04
6.000000e+00	6.200000e+00	3.195000e-01	8.937281e-04	8.937281e-04
6.200000e+00	6.400000e+00	3.577050e-01	9.456545e-04	9.456545e-04
6.400000e+00	6.600000e+00	3.870425e-01	9.836698e-04	9.836698e-04
6.600000e+00	6.800000e+00	3.985150e-01	9.981420e-04	9.981420e-04
6.800000e+00	7.000000e+00	3.966575e-01	9.958131e-04	9.958131e-04
7.000000e+00	7.200000e+00	3.744025e-01	9.674742e-04	9.674742e-04
7.200000e+00	7.400000e+00	3.354475e-01	9.157613e-04	9.157613e-04
7.400000e+00	7.600000e+00	2.863975e-01	8.461641e-04	8.461641e-04
7.600000e+00	7.800000e+00	2.323425e-01	7.621393e-04	7.621393e-04
7.800000e+00	8.000000e+00	1.803500e-01	6.714723e-04	6.714723e-04
8.000000e+00	8.200000e+00	1.309175e-01	5.720959e-04	5.720959e-04
8.200000e+00	8.400000e+00	8.872250e-02	4.709631e-04	4.709631e-04
8.400000e+00	8.600000e+00	5.579250e-02	3.734719e-04	3.734719e-04
8.600000e+00	8.800000e+00	3.290500e-02	2.868144e-04	2.868144e-04
8.800000e+00	9.000000e+00	1.792000e-02	2.116601e-04	2.116601e-04
9.000000e+00	9.200000e+00	9.187500e-03	1.515544e-04	1.515544e-04
9.200000e+00	9.400000e+00	4.330000e-03	1.040433e-04	1.040433e-04
9.400000e+00	9.600000e+00	2.017500e-03	7.101936e-05	7.101936e-05
9.600000e+00	9.800000e+00	8.975000e-04	4.736824e-05	4.736824e-05
9.800000e+00	1.000000e+01	3.000000e-04	2.738613e-05	2.738613e-05
1.000000e+01	1.020000e+01	1.450000e-04	1.903943e-05	1.903943e-05
1.020000e+01	1.040000e+01	8.250000e-05	1.436141e-05	1.436141e-05
1.040000e+01	1.060000e+01	3.250000e-05	9.013878e-06	9.013878e-06
1.060000e+01	1.080000e+01	1.000000e-05	5.000000e-06	5.000000e-06
1.080000e+01	1.100000e+01	5.000000e-06	3.535534e-06	3.535534e-06
1.100000e+01	1.120000e+01	2.500000e-06	2.500000e-06	2.500000e-06
1.120000e+01	1.140000e+01	0.000000e+00	0.000000e+00	0.000000e+00
# END HISTO1D

