# BEGIN PLOT
LegendOnly=/ALEPH_2004_S5765862/d180-x01-y01 //media/adil/70aa4125-8ea2-43be-afcf-88b43c0b7507/adil/Work/QCD_events/Monash.yoda/ALEPH_2004_S5765862/d180-x01-y01 //media/adil/70aa4125-8ea2-43be-afcf-88b43c0b7507/adil/Work/QCD_events/RhoDown.yoda/ALEPH_2004_S5765862/d180-x01-y01 //media/adil/70aa4125-8ea2-43be-afcf-88b43c0b7507/adil/Work/QCD_events/RhoUp.yoda/ALEPH_2004_S5765862/d180-x01-y01 //media/adil/70aa4125-8ea2-43be-afcf-88b43c0b7507/adil/Work/QCD_events/EtaDown.yoda/ALEPH_2004_S5765862/d180-x01-y01 //media/adil/70aa4125-8ea2-43be-afcf-88b43c0b7507/adil/Work/QCD_events/EtaUp.yoda/ALEPH_2004_S5765862/d180-x01-y01
DrawOnly=/ALEPH_2004_S5765862/d180-x01-y01 //media/adil/70aa4125-8ea2-43be-afcf-88b43c0b7507/adil/Work/QCD_events/Monash.yoda/ALEPH_2004_S5765862/d180-x01-y01 //media/adil/70aa4125-8ea2-43be-afcf-88b43c0b7507/adil/Work/QCD_events/RhoDown.yoda/ALEPH_2004_S5765862/d180-x01-y01 //media/adil/70aa4125-8ea2-43be-afcf-88b43c0b7507/adil/Work/QCD_events/RhoUp.yoda/ALEPH_2004_S5765862/d180-x01-y01 //media/adil/70aa4125-8ea2-43be-afcf-88b43c0b7507/adil/Work/QCD_events/EtaDown.yoda/ALEPH_2004_S5765862/d180-x01-y01 //media/adil/70aa4125-8ea2-43be-afcf-88b43c0b7507/adil/Work/QCD_events/EtaUp.yoda/ALEPH_2004_S5765862/d180-x01-y01
Title=Durham jet resolution $6 \to 5$ ($E_\mathrm{CMS}=91.2$ GeV)
RatioPlot=1
LogY=1
RatioPlotReference=/ALEPH_2004_S5765862/d180-x01-y01
LegendXPos=0.25
XLabel=$-\ln(y_{56})$
YLabel=$1/\sigma \; \mathrm{d}\sigma/\mathrm{d}\ln(y_{56})$
LegendYPos=0.4
Legend=1
# END PLOT

# BEGIN HISTO1D /ALEPH_2004_S5765862/d180-x01-y01
ConnectBins=0
ErrorBars=1
IsRef=1
Path=/ALEPH_2004_S5765862/d180-x01-y01
PolyMarker=*
Title=Data
# xlow	 xhigh	 val	 errminus	 errplus
4.000000e+00	4.200000e+00	3.000000e-05	5.196152e-05	5.196152e-05
4.200000e+00	4.400000e+00	1.000000e-04	5.385165e-05	5.385165e-05
4.400000e+00	4.600000e+00	2.000000e-04	6.403124e-05	6.403124e-05
4.600000e+00	4.800000e+00	5.800000e-04	1.374773e-04	1.374773e-04
4.800000e+00	5.000000e+00	1.050000e-03	2.747726e-04	2.747726e-04
5.000000e+00	5.200000e+00	2.180000e-03	5.813777e-04	5.813777e-04
5.200000e+00	5.400000e+00	4.310000e-03	1.081111e-03	1.081111e-03
5.400000e+00	5.600000e+00	8.050000e-03	1.436001e-03	1.436001e-03
5.600000e+00	5.800000e+00	1.406000e-02	2.597268e-03	2.597268e-03
5.800000e+00	6.000000e+00	2.572000e-02	4.404066e-03	4.404066e-03
6.000000e+00	6.200000e+00	4.253000e-02	3.882641e-03	3.882641e-03
6.200000e+00	6.400000e+00	6.805000e-02	6.123724e-03	6.123724e-03
6.400000e+00	6.600000e+00	1.053800e-01	8.777887e-03	8.777887e-03
6.600000e+00	6.800000e+00	1.506600e-01	7.002228e-03	7.002228e-03
6.800000e+00	7.000000e+00	2.078400e-01	7.292092e-03	7.292092e-03
7.000000e+00	7.200000e+00	2.703900e-01	1.005628e-02	1.005628e-02
7.200000e+00	7.400000e+00	3.348000e-01	5.720673e-03	5.720673e-03
7.400000e+00	7.600000e+00	3.938500e-01	5.918860e-03	5.918860e-03
7.600000e+00	7.800000e+00	4.394400e-01	6.526408e-03	6.526408e-03
7.800000e+00	8.000000e+00	4.680300e-01	5.903431e-03	5.903431e-03
8.000000e+00	8.200000e+00	4.706900e-01	6.667916e-03	6.667916e-03
8.200000e+00	8.400000e+00	4.527200e-01	5.539458e-03	5.539458e-03
8.400000e+00	8.600000e+00	4.103600e-01	1.674483e-02	1.674483e-02
8.600000e+00	8.800000e+00	3.469600e-01	1.391441e-02	1.391441e-02
8.800000e+00	9.000000e+00	2.729700e-01	1.302635e-02	1.302635e-02
9.000000e+00	9.200000e+00	1.978800e-01	7.390785e-03	7.390785e-03
9.200000e+00	9.400000e+00	1.317500e-01	4.858415e-03	4.858415e-03
9.400000e+00	9.600000e+00	8.234000e-02	3.986389e-03	3.986389e-03
9.600000e+00	9.800000e+00	4.580000e-02	2.673687e-03	2.673687e-03
9.800000e+00	1.000000e+01	2.441000e-02	1.373099e-03	1.373099e-03
1.000000e+01	1.020000e+01	1.191000e-02	7.731753e-04	7.731753e-04
1.020000e+01	1.040000e+01	5.720000e-03	1.375245e-03	1.375245e-03
1.040000e+01	1.060000e+01	2.830000e-03	8.488227e-04	8.488227e-04
1.060000e+01	1.080000e+01	1.660000e-03	7.094364e-04	7.094364e-04
1.080000e+01	1.100000e+01	8.500000e-04	5.383308e-04	5.383308e-04
1.100000e+01	1.120000e+01	7.200000e-04	6.689544e-04	6.689544e-04
1.120000e+01	1.140000e+01	5.200000e-04	4.809366e-04	4.809366e-04
1.140000e+01	1.160000e+01	5.700000e-04	5.943904e-04	5.943904e-04
1.160000e+01	1.180000e+01	3.500000e-04	3.733631e-04	3.733631e-04
1.180000e+01	1.200000e+01	2.900000e-04	3.033150e-04	3.033150e-04
1.200000e+01	1.220000e+01	3.400000e-04	9.043230e-04	9.043230e-04
1.220000e+01	1.240000e+01	2.600000e-04	6.913031e-04	6.913031e-04
1.240000e+01	1.260000e+01	0.000000e+00	0.000000e+00	0.000000e+00
1.260000e+01	1.280000e+01	7.900000e-04	9.365362e-04	9.365362e-04
1.280000e+01	1.300000e+01	7.000000e-05	7.000000e-05	7.000000e-05
# END HISTO1D

# BEGIN HISTO1D //media/adil/70aa4125-8ea2-43be-afcf-88b43c0b7507/adil/Work/QCD_events/Monash.yoda/ALEPH_2004_S5765862/d180-x01-y01
IsRef=1
LineColor=red
LineStyle=solid
LineWidth=1.3pt
Path=//media/adil/70aa4125-8ea2-43be-afcf-88b43c0b7507/adil/Work/QCD_events/Monash.yoda/ALEPH_2004_S5765862/d180-x01-y01
ScaledBy=4.99999999999999977e-07
Title=nominal
XLabel=
YLabel=
# xlow	 xhigh	 val	 errminus	 errplus
4.000000e+00	4.200000e+00	2.750000e-05	8.291562e-06	8.291562e-06
4.200000e+00	4.400000e+00	9.000000e-05	1.500000e-05	1.500000e-05
4.400000e+00	4.600000e+00	2.025000e-04	2.250000e-05	2.250000e-05
4.600000e+00	4.800000e+00	4.725000e-04	3.436932e-05	3.436932e-05
4.800000e+00	5.000000e+00	1.067500e-03	5.165995e-05	5.165995e-05
5.000000e+00	5.200000e+00	2.400000e-03	7.745967e-05	7.745967e-05
5.200000e+00	5.400000e+00	4.530000e-03	1.064190e-04	1.064190e-04
5.400000e+00	5.600000e+00	8.945000e-03	1.495410e-04	1.495410e-04
5.600000e+00	5.800000e+00	1.637750e-02	2.023456e-04	2.023456e-04
5.800000e+00	6.000000e+00	2.925250e-02	2.704279e-04	2.704279e-04
6.000000e+00	6.200000e+00	5.001250e-02	3.535976e-04	3.535976e-04
6.200000e+00	6.400000e+00	7.915000e-02	4.448314e-04	4.448314e-04
6.400000e+00	6.600000e+00	1.231825e-01	5.549381e-04	5.549381e-04
6.600000e+00	6.800000e+00	1.748875e-01	6.612252e-04	6.612252e-04
6.800000e+00	7.000000e+00	2.358850e-01	7.679274e-04	7.679274e-04
7.000000e+00	7.200000e+00	3.016700e-01	8.684325e-04	8.684325e-04
7.200000e+00	7.400000e+00	3.666300e-01	9.573792e-04	9.573792e-04
7.400000e+00	7.600000e+00	4.197100e-01	1.024341e-03	1.024341e-03
7.600000e+00	7.800000e+00	4.550800e-01	1.066630e-03	1.066630e-03
7.800000e+00	8.000000e+00	4.709300e-01	1.085046e-03	1.085046e-03
8.000000e+00	8.200000e+00	4.634925e-01	1.076444e-03	1.076444e-03
8.200000e+00	8.400000e+00	4.312275e-01	1.038301e-03	1.038301e-03
8.400000e+00	8.600000e+00	3.797725e-01	9.743876e-04	9.743876e-04
8.600000e+00	8.800000e+00	3.122375e-01	8.835122e-04	8.835122e-04
8.800000e+00	9.000000e+00	2.397850e-01	7.742496e-04	7.742496e-04
9.000000e+00	9.200000e+00	1.713025e-01	6.544129e-04	6.544129e-04
9.200000e+00	9.400000e+00	1.124975e-01	5.303242e-04	5.303242e-04
9.400000e+00	9.600000e+00	6.888750e-02	4.149925e-04	4.149925e-04
9.600000e+00	9.800000e+00	3.940250e-02	3.138571e-04	3.138571e-04
9.800000e+00	1.000000e+01	2.083250e-02	2.282132e-04	2.282132e-04
1.000000e+01	1.020000e+01	1.043000e-02	1.614776e-04	1.614776e-04
1.020000e+01	1.040000e+01	4.922500e-03	1.109335e-04	1.109335e-04
1.040000e+01	1.060000e+01	2.345000e-03	7.656696e-05	7.656696e-05
1.060000e+01	1.080000e+01	1.160000e-03	5.385165e-05	5.385165e-05
1.080000e+01	1.100000e+01	5.750000e-04	3.791438e-05	3.791438e-05
1.100000e+01	1.120000e+01	2.625000e-04	2.561738e-05	2.561738e-05
1.120000e+01	1.140000e+01	1.475000e-04	1.920286e-05	1.920286e-05
1.140000e+01	1.160000e+01	6.250000e-05	1.250000e-05	1.250000e-05
1.160000e+01	1.180000e+01	3.250000e-05	9.013878e-06	9.013878e-06
1.180000e+01	1.200000e+01	5.250000e-05	1.145644e-05	1.145644e-05
1.200000e+01	1.220000e+01	1.750000e-05	6.614378e-06	6.614378e-06
1.220000e+01	1.240000e+01	1.250000e-05	5.590170e-06	5.590170e-06
1.240000e+01	1.260000e+01	5.000000e-06	3.535534e-06	3.535534e-06
1.260000e+01	1.280000e+01	7.500000e-06	4.330127e-06	4.330127e-06
1.280000e+01	1.300000e+01	5.000000e-06	3.535534e-06	3.535534e-06
# END HISTO1D

# BEGIN HISTO1D //media/adil/70aa4125-8ea2-43be-afcf-88b43c0b7507/adil/Work/QCD_events/RhoDown.yoda/ALEPH_2004_S5765862/d180-x01-y01
IsRef=1
LineColor=red
LineStyle=dashed
LineWidth=1.3pt
Path=//media/adil/70aa4125-8ea2-43be-afcf-88b43c0b7507/adil/Work/QCD_events/RhoDown.yoda/ALEPH_2004_S5765862/d180-x01-y01
ScaledBy=4.99999999999999977e-07
Title=$\Delta\rho=-10\%$
XLabel=
YLabel=
# xlow	 xhigh	 val	 errminus	 errplus
4.000000e+00	4.200000e+00	3.000000e-05	8.660254e-06	8.660254e-06
4.200000e+00	4.400000e+00	7.250000e-05	1.346291e-05	1.346291e-05
4.400000e+00	4.600000e+00	2.050000e-04	2.263846e-05	2.263846e-05
4.600000e+00	4.800000e+00	4.600000e-04	3.391165e-05	3.391165e-05
4.800000e+00	5.000000e+00	1.082500e-03	5.202163e-05	5.202163e-05
5.000000e+00	5.200000e+00	2.287500e-03	7.562242e-05	7.562242e-05
5.200000e+00	5.400000e+00	4.747500e-03	1.089438e-04	1.089438e-04
5.400000e+00	5.600000e+00	8.602500e-03	1.466501e-04	1.466501e-04
5.600000e+00	5.800000e+00	1.625000e-02	2.015564e-04	2.015564e-04
5.800000e+00	6.000000e+00	2.876500e-02	2.681651e-04	2.681651e-04
6.000000e+00	6.200000e+00	4.982250e-02	3.529253e-04	3.529253e-04
6.200000e+00	6.400000e+00	8.043750e-02	4.484348e-04	4.484348e-04
6.400000e+00	6.600000e+00	1.219200e-01	5.520869e-04	5.520869e-04
6.600000e+00	6.800000e+00	1.749075e-01	6.612630e-04	6.612630e-04
6.800000e+00	7.000000e+00	2.363125e-01	7.686230e-04	7.686230e-04
7.000000e+00	7.200000e+00	3.013725e-01	8.680042e-04	8.680042e-04
7.200000e+00	7.400000e+00	3.639700e-01	9.538999e-04	9.538999e-04
7.400000e+00	7.600000e+00	4.180275e-01	1.022286e-03	1.022286e-03
7.600000e+00	7.800000e+00	4.546575e-01	1.066135e-03	1.066135e-03
7.800000e+00	8.000000e+00	4.720500e-01	1.086336e-03	1.086336e-03
8.000000e+00	8.200000e+00	4.625650e-01	1.075366e-03	1.075366e-03
8.200000e+00	8.400000e+00	4.314850e-01	1.038611e-03	1.038611e-03
8.400000e+00	8.600000e+00	3.796750e-01	9.742625e-04	9.742625e-04
8.600000e+00	8.800000e+00	3.134475e-01	8.852224e-04	8.852224e-04
8.800000e+00	9.000000e+00	2.386025e-01	7.723382e-04	7.723382e-04
9.000000e+00	9.200000e+00	1.734175e-01	6.584404e-04	6.584404e-04
9.200000e+00	9.400000e+00	1.139450e-01	5.337251e-04	5.337251e-04
9.400000e+00	9.600000e+00	6.978500e-02	4.176871e-04	4.176871e-04
9.600000e+00	9.800000e+00	3.941750e-02	3.139168e-04	3.139168e-04
9.800000e+00	1.000000e+01	2.104750e-02	2.293878e-04	2.293878e-04
1.000000e+01	1.020000e+01	1.059250e-02	1.627306e-04	1.627306e-04
1.020000e+01	1.040000e+01	5.132500e-03	1.132751e-04	1.132751e-04
1.040000e+01	1.060000e+01	2.455000e-03	7.834220e-05	7.834220e-05
1.060000e+01	1.080000e+01	1.220000e-03	5.522681e-05	5.522681e-05
1.080000e+01	1.100000e+01	5.750000e-04	3.791438e-05	3.791438e-05
1.100000e+01	1.120000e+01	2.850000e-04	2.669270e-05	2.669270e-05
1.120000e+01	1.140000e+01	1.500000e-04	1.936492e-05	1.936492e-05
1.140000e+01	1.160000e+01	7.500000e-05	1.369306e-05	1.369306e-05
1.160000e+01	1.180000e+01	4.250000e-05	1.030776e-05	1.030776e-05
1.180000e+01	1.200000e+01	3.750000e-05	9.682458e-06	9.682458e-06
1.200000e+01	1.220000e+01	7.500000e-06	4.330127e-06	4.330127e-06
1.220000e+01	1.240000e+01	1.000000e-05	5.000000e-06	5.000000e-06
1.240000e+01	1.260000e+01	5.000000e-06	3.535534e-06	3.535534e-06
1.260000e+01	1.280000e+01	1.250000e-05	5.590170e-06	5.590170e-06
1.280000e+01	1.300000e+01	5.000000e-06	3.535534e-06	3.535534e-06
# END HISTO1D

# BEGIN HISTO1D //media/adil/70aa4125-8ea2-43be-afcf-88b43c0b7507/adil/Work/QCD_events/RhoUp.yoda/ALEPH_2004_S5765862/d180-x01-y01
IsRef=1
LineColor=red
LineStyle=dotdashed
LineWidth=1.3pt
Path=//media/adil/70aa4125-8ea2-43be-afcf-88b43c0b7507/adil/Work/QCD_events/RhoUp.yoda/ALEPH_2004_S5765862/d180-x01-y01
ScaledBy=4.99999999999999977e-07
Title=$\Delta\rho=+10\%$
XLabel=
YLabel=
# xlow	 xhigh	 val	 errminus	 errplus
4.000000e+00	4.200000e+00	3.000000e-05	8.660254e-06	8.660254e-06
4.200000e+00	4.400000e+00	6.000000e-05	1.224745e-05	1.224745e-05
4.400000e+00	4.600000e+00	1.850000e-04	2.150581e-05	2.150581e-05
4.600000e+00	4.800000e+00	4.225000e-04	3.250000e-05	3.250000e-05
4.800000e+00	5.000000e+00	1.052500e-03	5.129571e-05	5.129571e-05
5.000000e+00	5.200000e+00	2.222500e-03	7.454026e-05	7.454026e-05
5.200000e+00	5.400000e+00	4.440000e-03	1.053565e-04	1.053565e-04
5.400000e+00	5.600000e+00	8.997500e-03	1.499792e-04	1.499792e-04
5.600000e+00	5.800000e+00	1.652250e-02	2.032394e-04	2.032394e-04
5.800000e+00	6.000000e+00	2.873000e-02	2.680019e-04	2.680019e-04
6.000000e+00	6.200000e+00	5.076750e-02	3.562566e-04	3.562566e-04
6.200000e+00	6.400000e+00	8.063750e-02	4.489919e-04	4.489919e-04
6.400000e+00	6.600000e+00	1.223725e-01	5.531105e-04	5.531105e-04
6.600000e+00	6.800000e+00	1.746850e-01	6.608423e-04	6.608423e-04
6.800000e+00	7.000000e+00	2.380475e-01	7.714394e-04	7.714394e-04
7.000000e+00	7.200000e+00	3.010675e-01	8.675648e-04	8.675648e-04
7.200000e+00	7.400000e+00	3.656525e-01	9.561021e-04	9.561021e-04
7.400000e+00	7.600000e+00	4.191550e-01	1.023664e-03	1.023664e-03
7.600000e+00	7.800000e+00	4.553625e-01	1.066961e-03	1.066961e-03
7.800000e+00	8.000000e+00	4.709400e-01	1.085058e-03	1.085058e-03
8.000000e+00	8.200000e+00	4.644900e-01	1.077602e-03	1.077602e-03
8.200000e+00	8.400000e+00	4.328275e-01	1.040225e-03	1.040225e-03
8.400000e+00	8.600000e+00	3.795925e-01	9.741567e-04	9.741567e-04
8.600000e+00	8.800000e+00	3.119375e-01	8.830876e-04	8.830876e-04
8.800000e+00	9.000000e+00	2.393175e-01	7.734945e-04	7.734945e-04
9.000000e+00	9.200000e+00	1.697500e-01	6.514407e-04	6.514407e-04
9.200000e+00	9.400000e+00	1.124225e-01	5.301474e-04	5.301474e-04
9.400000e+00	9.600000e+00	6.864750e-02	4.142689e-04	4.142689e-04
9.600000e+00	9.800000e+00	3.895250e-02	3.120597e-04	3.120597e-04
9.800000e+00	1.000000e+01	2.072250e-02	2.276099e-04	2.276099e-04
1.000000e+01	1.020000e+01	1.019750e-02	1.596676e-04	1.596676e-04
1.020000e+01	1.040000e+01	5.027500e-03	1.121104e-04	1.121104e-04
1.040000e+01	1.060000e+01	2.405000e-03	7.754031e-05	7.754031e-05
1.060000e+01	1.080000e+01	1.210000e-03	5.500000e-05	5.500000e-05
1.080000e+01	1.100000e+01	5.075000e-04	3.561952e-05	3.561952e-05
1.100000e+01	1.120000e+01	2.475000e-04	2.487469e-05	2.487469e-05
1.120000e+01	1.140000e+01	1.500000e-04	1.936492e-05	1.936492e-05
1.140000e+01	1.160000e+01	9.500000e-05	1.541104e-05	1.541104e-05
1.160000e+01	1.180000e+01	4.250000e-05	1.030776e-05	1.030776e-05
1.180000e+01	1.200000e+01	2.750000e-05	8.291562e-06	8.291562e-06
1.200000e+01	1.220000e+01	1.250000e-05	5.590170e-06	5.590170e-06
1.220000e+01	1.240000e+01	2.000000e-05	7.071068e-06	7.071068e-06
1.240000e+01	1.260000e+01	7.500000e-06	4.330127e-06	4.330127e-06
1.260000e+01	1.280000e+01	0.000000e+00	0.000000e+00	0.000000e+00
1.280000e+01	1.300000e+01	5.000000e-06	3.535534e-06	3.535534e-06
# END HISTO1D

# BEGIN HISTO1D //media/adil/70aa4125-8ea2-43be-afcf-88b43c0b7507/adil/Work/QCD_events/EtaDown.yoda/ALEPH_2004_S5765862/d180-x01-y01
IsRef=1
LineColor=blue
LineStyle=dashed
LineWidth=1.3pt
Path=//media/adil/70aa4125-8ea2-43be-afcf-88b43c0b7507/adil/Work/QCD_events/EtaDown.yoda/ALEPH_2004_S5765862/d180-x01-y01
ScaledBy=5.00000500000499952e-07
Title=$\Delta\eta=-10\%$
XLabel=
YLabel=
# xlow	 xhigh	 val	 errminus	 errplus
4.000000e+00	4.200000e+00	2.000002e-05	7.071075e-06	7.071075e-06
4.200000e+00	4.400000e+00	8.500010e-05	1.457739e-05	1.457739e-05
4.400000e+00	4.600000e+00	2.200002e-04	2.345210e-05	2.345210e-05
4.600000e+00	4.800000e+00	4.175004e-04	3.230715e-05	3.230715e-05
4.800000e+00	5.000000e+00	1.047501e-03	5.117377e-05	5.117377e-05
5.000000e+00	5.200000e+00	2.232502e-03	7.470783e-05	7.470783e-05
5.200000e+00	5.400000e+00	4.657504e-03	1.079063e-04	1.079063e-04
5.400000e+00	5.600000e+00	8.925010e-03	1.493738e-04	1.493738e-04
5.600000e+00	5.800000e+00	1.616501e-02	2.010288e-04	2.010288e-04
5.800000e+00	6.000000e+00	2.937253e-02	2.709823e-04	2.709823e-04
6.000000e+00	6.200000e+00	5.006005e-02	3.537658e-04	3.537658e-04
6.200000e+00	6.400000e+00	8.008260e-02	4.474446e-04	4.474446e-04
6.400000e+00	6.600000e+00	1.227301e-01	5.539183e-04	5.539183e-04
6.600000e+00	6.800000e+00	1.744301e-01	6.603603e-04	6.603603e-04
6.800000e+00	7.000000e+00	2.361427e-01	7.683473e-04	7.683473e-04
7.000000e+00	7.200000e+00	3.027453e-01	8.699793e-04	8.699793e-04
7.200000e+00	7.400000e+00	3.638453e-01	9.537370e-04	9.537370e-04
7.400000e+00	7.600000e+00	4.195254e-01	1.024116e-03	1.024116e-03
7.600000e+00	7.800000e+00	4.567754e-01	1.068616e-03	1.068616e-03
7.800000e+00	8.000000e+00	4.708954e-01	1.085007e-03	1.085007e-03
8.000000e+00	8.200000e+00	4.638880e-01	1.076903e-03	1.076903e-03
8.200000e+00	8.400000e+00	4.319104e-01	1.039123e-03	1.039123e-03
8.400000e+00	8.600000e+00	3.796354e-01	9.742122e-04	9.742122e-04
8.600000e+00	8.800000e+00	3.121203e-01	8.833468e-04	8.833468e-04
8.800000e+00	9.000000e+00	2.387178e-01	7.725251e-04	7.725251e-04
9.000000e+00	9.200000e+00	1.706627e-01	6.531899e-04	6.531899e-04
9.200000e+00	9.400000e+00	1.126326e-01	5.306428e-04	5.306428e-04
9.400000e+00	9.600000e+00	6.885255e-02	4.148875e-04	4.148875e-04
9.600000e+00	9.800000e+00	4.025254e-02	3.172246e-04	3.172246e-04
9.800000e+00	1.000000e+01	2.054502e-02	2.266332e-04	2.266332e-04
1.000000e+01	1.020000e+01	1.053251e-02	1.622692e-04	1.622692e-04
1.020000e+01	1.040000e+01	5.197505e-03	1.139902e-04	1.139902e-04
1.040000e+01	1.060000e+01	2.385003e-03	7.721731e-05	7.721731e-05
1.060000e+01	1.080000e+01	1.230001e-03	5.545273e-05	5.545273e-05
1.080000e+01	1.100000e+01	4.975005e-04	3.526688e-05	3.526688e-05
1.100000e+01	1.120000e+01	2.550003e-04	2.524879e-05	2.524879e-05
1.120000e+01	1.140000e+01	1.125001e-04	1.677052e-05	1.677052e-05
1.140000e+01	1.160000e+01	7.250005e-05	1.346293e-05	1.346293e-05
1.160000e+01	1.180000e+01	4.250004e-05	1.030777e-05	1.030777e-05
1.180000e+01	1.200000e+01	1.750002e-05	6.614386e-06	6.614386e-06
1.200000e+01	1.220000e+01	1.500002e-05	6.123730e-06	6.123730e-06
1.220000e+01	1.240000e+01	1.750002e-05	6.614386e-06	6.614386e-06
1.240000e+01	1.260000e+01	5.000005e-06	3.535537e-06	3.535537e-06
1.260000e+01	1.280000e+01	2.500002e-06	2.500002e-06	2.500002e-06
1.280000e+01	1.300000e+01	2.500003e-06	2.500002e-06	2.500002e-06
# END HISTO1D

# BEGIN HISTO1D //media/adil/70aa4125-8ea2-43be-afcf-88b43c0b7507/adil/Work/QCD_events/EtaUp.yoda/ALEPH_2004_S5765862/d180-x01-y01
IsRef=1
LineColor=blue
LineStyle=dotdashed
LineWidth=1.3pt$
Path=//media/adil/70aa4125-8ea2-43be-afcf-88b43c0b7507/adil/Work/QCD_events/EtaUp.yoda/ALEPH_2004_S5765862/d180-x01-y01
ScaledBy=4.99999999999999977e-07
Title=$\Delta\eta=+10\%$
XLabel=
YLabel=
# xlow	 xhigh	 val	 errminus	 errplus
4.000000e+00	4.200000e+00	2.750000e-05	8.291562e-06	8.291562e-06
4.200000e+00	4.400000e+00	7.750000e-05	1.391941e-05	1.391941e-05
4.400000e+00	4.600000e+00	2.125000e-04	2.304886e-05	2.304886e-05
4.600000e+00	4.800000e+00	4.775000e-04	3.455069e-05	3.455069e-05
4.800000e+00	5.000000e+00	1.082500e-03	5.202163e-05	5.202163e-05
5.000000e+00	5.200000e+00	2.242500e-03	7.487490e-05	7.487490e-05
5.200000e+00	5.400000e+00	4.332500e-03	1.040733e-04	1.040733e-04
5.400000e+00	5.600000e+00	8.747500e-03	1.478809e-04	1.478809e-04
5.600000e+00	5.800000e+00	1.619250e-02	2.011995e-04	2.011995e-04
5.800000e+00	6.000000e+00	2.946750e-02	2.714199e-04	2.714199e-04
6.000000e+00	6.200000e+00	4.969750e-02	3.524823e-04	3.524823e-04
6.200000e+00	6.400000e+00	8.027500e-02	4.479816e-04	4.479816e-04
6.400000e+00	6.600000e+00	1.218475e-01	5.519228e-04	5.519228e-04
6.600000e+00	6.800000e+00	1.751525e-01	6.617260e-04	6.617260e-04
6.800000e+00	7.000000e+00	2.364700e-01	7.688791e-04	7.688791e-04
7.000000e+00	7.200000e+00	3.025500e-01	8.696982e-04	8.696982e-04
7.200000e+00	7.400000e+00	3.642550e-01	9.542733e-04	9.542733e-04
7.400000e+00	7.600000e+00	4.190325e-01	1.023514e-03	1.023514e-03
7.600000e+00	7.800000e+00	4.558025e-01	1.067477e-03	1.067477e-03
7.800000e+00	8.000000e+00	4.704975e-01	1.084548e-03	1.084548e-03
8.000000e+00	8.200000e+00	4.658875e-01	1.079221e-03	1.079221e-03
8.200000e+00	8.400000e+00	4.310500e-01	1.038087e-03	1.038087e-03
8.400000e+00	8.600000e+00	3.814800e-01	9.765756e-04	9.765756e-04
8.600000e+00	8.800000e+00	3.114725e-01	8.824292e-04	8.824292e-04
8.800000e+00	9.000000e+00	2.387425e-01	7.725647e-04	7.725647e-04
9.000000e+00	9.200000e+00	1.706050e-01	6.530792e-04	6.530792e-04
9.200000e+00	9.400000e+00	1.133025e-01	5.322182e-04	5.322182e-04
9.400000e+00	9.600000e+00	6.888000e-02	4.149699e-04	4.149699e-04
9.600000e+00	9.800000e+00	3.944750e-02	3.140362e-04	3.140362e-04
9.800000e+00	1.000000e+01	2.078500e-02	2.279528e-04	2.279528e-04
1.000000e+01	1.020000e+01	1.014500e-02	1.592561e-04	1.592561e-04
1.020000e+01	1.040000e+01	5.075000e-03	1.126388e-04	1.126388e-04
1.040000e+01	1.060000e+01	2.432500e-03	7.798237e-05	7.798237e-05
1.060000e+01	1.080000e+01	1.157500e-03	5.379359e-05	5.379359e-05
1.080000e+01	1.100000e+01	5.300000e-04	3.640055e-05	3.640055e-05
1.100000e+01	1.120000e+01	2.650000e-04	2.573908e-05	2.573908e-05
1.120000e+01	1.140000e+01	1.325000e-04	1.820027e-05	1.820027e-05
1.140000e+01	1.160000e+01	5.750000e-05	1.198958e-05	1.198958e-05
1.160000e+01	1.180000e+01	4.000000e-05	1.000000e-05	1.000000e-05
1.180000e+01	1.200000e+01	2.000000e-05	7.071068e-06	7.071068e-06
1.200000e+01	1.220000e+01	1.000000e-05	5.000000e-06	5.000000e-06
1.220000e+01	1.240000e+01	1.750000e-05	6.614378e-06	6.614378e-06
1.240000e+01	1.260000e+01	0.000000e+00	0.000000e+00	0.000000e+00
1.260000e+01	1.280000e+01	5.000000e-06	3.535534e-06	3.535534e-06
1.280000e+01	1.300000e+01	5.000000e-06	3.535534e-06	3.535534e-06
# END HISTO1D

