# BEGIN PLOT
LegendOnly=/ALEPH_2004_S5765862/d227-x01-y01 //media/adil/70aa4125-8ea2-43be-afcf-88b43c0b7507/adil/Work/QCD_events/Monash.yoda/ALEPH_2004_S5765862/d227-x01-y01 //media/adil/70aa4125-8ea2-43be-afcf-88b43c0b7507/adil/Work/QCD_events/RhoDown.yoda/ALEPH_2004_S5765862/d227-x01-y01 //media/adil/70aa4125-8ea2-43be-afcf-88b43c0b7507/adil/Work/QCD_events/RhoUp.yoda/ALEPH_2004_S5765862/d227-x01-y01 //media/adil/70aa4125-8ea2-43be-afcf-88b43c0b7507/adil/Work/QCD_events/EtaDown.yoda/ALEPH_2004_S5765862/d227-x01-y01 //media/adil/70aa4125-8ea2-43be-afcf-88b43c0b7507/adil/Work/QCD_events/EtaUp.yoda/ALEPH_2004_S5765862/d227-x01-y01
DrawOnly=/ALEPH_2004_S5765862/d227-x01-y01 //media/adil/70aa4125-8ea2-43be-afcf-88b43c0b7507/adil/Work/QCD_events/Monash.yoda/ALEPH_2004_S5765862/d227-x01-y01 //media/adil/70aa4125-8ea2-43be-afcf-88b43c0b7507/adil/Work/QCD_events/RhoDown.yoda/ALEPH_2004_S5765862/d227-x01-y01 //media/adil/70aa4125-8ea2-43be-afcf-88b43c0b7507/adil/Work/QCD_events/RhoUp.yoda/ALEPH_2004_S5765862/d227-x01-y01 //media/adil/70aa4125-8ea2-43be-afcf-88b43c0b7507/adil/Work/QCD_events/EtaDown.yoda/ALEPH_2004_S5765862/d227-x01-y01 //media/adil/70aa4125-8ea2-43be-afcf-88b43c0b7507/adil/Work/QCD_events/EtaUp.yoda/ALEPH_2004_S5765862/d227-x01-y01
Title=$\geq$6-jet fraction ($E_\mathrm{CMS}=91.2$ GeV)
RatioPlot=1
LogY=1
RatioPlotReference=/ALEPH_2004_S5765862/d227-x01-y01
LegendXPos=0.05
XLabel=$\ln(y_\mathrm{cut})$
YLabel=$\sigma($\geq$\text{6 jet})/\sigma(\text{inclusive})$
LegendYPos=0.6
Legend=1
# END PLOT

# BEGIN HISTO1D /ALEPH_2004_S5765862/d227-x01-y01
ConnectBins=0
ErrorBars=1
IsRef=1
Path=/ALEPH_2004_S5765862/d227-x01-y01
PolyMarker=*
Title=Data
# xlow	 xhigh	 val	 errminus	 errplus
-1.000000e+01	-9.800000e+00	9.920500e-01	2.417292e-03	2.417292e-03
-9.800000e+00	-9.600000e+00	9.851700e-01	2.619332e-03	2.619332e-03
-9.600000e+00	-9.400000e+00	9.727200e-01	2.908161e-03	2.908161e-03
-9.400000e+00	-9.200000e+00	9.514000e-01	3.064213e-03	3.064213e-03
-9.200000e+00	-9.000000e+00	9.188700e-01	3.636729e-03	3.636729e-03
-9.000000e+00	-8.800000e+00	8.718600e-01	5.257395e-03	5.257395e-03
-8.800000e+00	-8.600000e+00	8.101500e-01	7.154558e-03	7.154558e-03
-8.600000e+00	-8.400000e+00	7.339200e-01	1.005340e-02	1.005340e-02
-8.400000e+00	-8.200000e+00	6.471600e-01	1.246697e-02	1.246697e-02
-8.200000e+00	-8.000000e+00	5.542200e-01	1.341656e-02	1.341656e-02
-8.000000e+00	-7.800000e+00	4.603800e-01	1.319365e-02	1.319365e-02
-7.800000e+00	-7.600000e+00	3.694200e-01	1.257113e-02	1.257113e-02
-7.600000e+00	-7.400000e+00	2.854000e-01	1.205913e-02	1.205913e-02
-7.400000e+00	-7.200000e+00	2.121300e-01	1.097067e-02	1.097067e-02
-7.200000e+00	-7.000000e+00	1.518000e-01	9.308689e-03	9.308689e-03
-7.000000e+00	-6.800000e+00	1.040800e-01	7.979261e-03	7.979261e-03
-6.800000e+00	-6.600000e+00	6.837000e-02	6.213091e-03	6.213091e-03
-6.600000e+00	-6.400000e+00	4.305000e-02	4.902907e-03	4.902907e-03
-6.400000e+00	-6.200000e+00	2.592000e-02	3.524613e-03	3.524613e-03
-6.200000e+00	-6.000000e+00	1.501000e-02	2.365840e-03	2.365840e-03
-6.000000e+00	-5.800000e+00	8.340000e-03	1.671466e-03	1.671466e-03
-5.800000e+00	-5.600000e+00	4.440000e-03	1.096084e-03	1.096084e-03
-5.600000e+00	-5.400000e+00	2.370000e-03	6.599242e-04	6.599242e-04
-5.400000e+00	-5.200000e+00	1.170000e-03	3.366007e-04	3.366007e-04
-5.200000e+00	-5.000000e+00	5.800000e-04	1.720465e-04	1.720465e-04
-5.000000e+00	-4.800000e+00	2.600000e-04	9.433981e-05	9.433981e-05
-4.800000e+00	-4.600000e+00	1.100000e-04	4.582576e-05	4.582576e-05
-4.600000e+00	-4.400000e+00	4.000000e-05	1.732051e-05	1.732051e-05
-4.400000e+00	-4.200000e+00	1.000000e-05	2.000000e-05	2.000000e-05
# END HISTO1D

# BEGIN HISTO1D //media/adil/70aa4125-8ea2-43be-afcf-88b43c0b7507/adil/Work/QCD_events/Monash.yoda/ALEPH_2004_S5765862/d227-x01-y01
IsRef=1
LineColor=red
LineStyle=solid
LineWidth=1.3pt
Path=//media/adil/70aa4125-8ea2-43be-afcf-88b43c0b7507/adil/Work/QCD_events/Monash.yoda/ALEPH_2004_S5765862/d227-x01-y01
ScaledBy=4.99999999999999977e-07
Title=nominal
XLabel=
YLabel=
# xlow	 xhigh	 val	 errminus	 errplus
-1.000000e+01	-9.800000e+00	9.959885e-01	7.056871e-04	7.056871e-04
-9.800000e+00	-9.600000e+00	9.918220e-01	7.042095e-04	7.042095e-04
-9.600000e+00	-9.400000e+00	9.839415e-01	7.014063e-04	7.014063e-04
-9.400000e+00	-9.200000e+00	9.701640e-01	6.964783e-04	6.964783e-04
-9.200000e+00	-9.000000e+00	9.476645e-01	6.883547e-04	6.883547e-04
-9.000000e+00	-8.800000e+00	9.134040e-01	6.757973e-04	6.757973e-04
-8.800000e+00	-8.600000e+00	8.654470e-01	6.578172e-04	6.578172e-04
-8.600000e+00	-8.400000e+00	8.029995e-01	6.336401e-04	6.336401e-04
-8.400000e+00	-8.200000e+00	7.270450e-01	6.029283e-04	6.029283e-04
-8.200000e+00	-8.000000e+00	6.407995e-01	5.660386e-04	5.660386e-04
-8.000000e+00	-7.800000e+00	5.481010e-01	5.234983e-04	5.234983e-04
-7.800000e+00	-7.600000e+00	4.539150e-01	4.764006e-04	4.764006e-04
-7.600000e+00	-7.400000e+00	3.628990e-01	4.259689e-04	4.259689e-04
-7.400000e+00	-7.200000e+00	2.789570e-01	3.734682e-04	3.734682e-04
-7.200000e+00	-7.000000e+00	2.056310e-01	3.206486e-04	3.206486e-04
-7.000000e+00	-6.800000e+00	1.452970e-01	2.695339e-04	2.695339e-04
-6.800000e+00	-6.600000e+00	9.812000e-02	2.214949e-04	2.214949e-04
-6.600000e+00	-6.400000e+00	6.314250e-02	1.776830e-04	1.776830e-04
-6.400000e+00	-6.200000e+00	3.850600e-02	1.387552e-04	1.387552e-04
-6.200000e+00	-6.000000e+00	2.267600e-02	1.064800e-04	1.064800e-04
-6.000000e+00	-5.800000e+00	1.267350e-02	7.960371e-05	7.960371e-05
-5.800000e+00	-5.600000e+00	6.823000e-03	5.840805e-05	5.840805e-05
-5.600000e+00	-5.400000e+00	3.547500e-03	4.211591e-05	4.211591e-05
-5.400000e+00	-5.200000e+00	1.758500e-03	2.965215e-05	2.965215e-05
-5.200000e+00	-5.000000e+00	8.525000e-04	2.064582e-05	2.064582e-05
-5.000000e+00	-4.800000e+00	3.725000e-04	1.364734e-05	1.364734e-05
-4.800000e+00	-4.600000e+00	1.590000e-04	8.916277e-06	8.916277e-06
-4.600000e+00	-4.400000e+00	6.450000e-05	5.678908e-06	5.678908e-06
-4.400000e+00	-4.200000e+00	2.400000e-05	3.464102e-06	3.464102e-06
# END HISTO1D

# BEGIN HISTO1D //media/adil/70aa4125-8ea2-43be-afcf-88b43c0b7507/adil/Work/QCD_events/RhoDown.yoda/ALEPH_2004_S5765862/d227-x01-y01
IsRef=1
LineColor=red
LineStyle=dashed
LineWidth=1.3pt
Path=//media/adil/70aa4125-8ea2-43be-afcf-88b43c0b7507/adil/Work/QCD_events/RhoDown.yoda/ALEPH_2004_S5765862/d227-x01-y01
ScaledBy=4.99999999999999977e-07
Title=$\Delta\rho=-10\%$
XLabel=
YLabel=
# xlow	 xhigh	 val	 errminus	 errplus
-1.000000e+01	-9.800000e+00	9.958755e-01	7.056470e-04	7.056470e-04
-9.800000e+00	-9.600000e+00	9.916660e-01	7.041541e-04	7.041541e-04
-9.600000e+00	-9.400000e+00	9.837825e-01	7.013496e-04	7.013496e-04
-9.400000e+00	-9.200000e+00	9.698255e-01	6.963568e-04	6.963568e-04
-9.200000e+00	-9.000000e+00	9.470365e-01	6.881266e-04	6.881266e-04
-9.000000e+00	-8.800000e+00	9.123530e-01	6.754084e-04	6.754084e-04
-8.800000e+00	-8.600000e+00	8.646325e-01	6.575076e-04	6.575076e-04
-8.600000e+00	-8.400000e+00	8.019430e-01	6.332231e-04	6.332231e-04
-8.400000e+00	-8.200000e+00	7.260080e-01	6.024981e-04	6.024981e-04
-8.200000e+00	-8.000000e+00	6.397110e-01	5.655577e-04	5.655577e-04
-8.000000e+00	-7.800000e+00	5.471980e-01	5.230669e-04	5.230669e-04
-7.800000e+00	-7.600000e+00	4.527880e-01	4.758088e-04	4.758088e-04
-7.600000e+00	-7.400000e+00	3.618565e-01	4.253566e-04	4.253566e-04
-7.400000e+00	-7.200000e+00	2.782510e-01	3.729953e-04	3.729953e-04
-7.200000e+00	-7.000000e+00	2.054570e-01	3.205129e-04	3.205129e-04
-7.000000e+00	-6.800000e+00	1.451825e-01	2.694276e-04	2.694276e-04
-6.800000e+00	-6.600000e+00	9.792000e-02	2.212691e-04	2.212691e-04
-6.600000e+00	-6.400000e+00	6.293850e-02	1.773957e-04	1.773957e-04
-6.400000e+00	-6.200000e+00	3.855450e-02	1.388425e-04	1.388425e-04
-6.200000e+00	-6.000000e+00	2.246700e-02	1.059882e-04	1.059882e-04
-6.000000e+00	-5.800000e+00	1.250250e-02	7.906485e-05	7.906485e-05
-5.800000e+00	-5.600000e+00	6.749500e-03	5.809260e-05	5.809260e-05
-5.600000e+00	-5.400000e+00	3.499500e-03	4.183001e-05	4.183001e-05
-5.400000e+00	-5.200000e+00	1.779000e-03	2.982449e-05	2.982449e-05
-5.200000e+00	-5.000000e+00	8.295000e-04	2.036541e-05	2.036541e-05
-5.000000e+00	-4.800000e+00	3.720000e-04	1.363818e-05	1.363818e-05
-4.800000e+00	-4.600000e+00	1.555000e-04	8.817596e-06	8.817596e-06
-4.600000e+00	-4.400000e+00	6.350000e-05	5.634714e-06	5.634714e-06
-4.400000e+00	-4.200000e+00	2.250000e-05	3.354102e-06	3.354102e-06
# END HISTO1D

# BEGIN HISTO1D //media/adil/70aa4125-8ea2-43be-afcf-88b43c0b7507/adil/Work/QCD_events/RhoUp.yoda/ALEPH_2004_S5765862/d227-x01-y01
IsRef=1
LineColor=red
LineStyle=dotdashed
LineWidth=1.3pt
Path=//media/adil/70aa4125-8ea2-43be-afcf-88b43c0b7507/adil/Work/QCD_events/RhoUp.yoda/ALEPH_2004_S5765862/d227-x01-y01
ScaledBy=4.99999999999999977e-07
Title=$\Delta\rho=+10\%$
XLabel=
YLabel=
# xlow	 xhigh	 val	 errminus	 errplus
-1.000000e+01	-9.800000e+00	9.960045e-01	7.056927e-04	7.056927e-04
-9.800000e+00	-9.600000e+00	9.918600e-01	7.042230e-04	7.042230e-04
-9.600000e+00	-9.400000e+00	9.840695e-01	7.014519e-04	7.014519e-04
-9.400000e+00	-9.200000e+00	9.703400e-01	6.965415e-04	6.965415e-04
-9.200000e+00	-9.000000e+00	9.478555e-01	6.884241e-04	6.884241e-04
-9.000000e+00	-8.800000e+00	9.139055e-01	6.759828e-04	6.759828e-04
-8.800000e+00	-8.600000e+00	8.660420e-01	6.580433e-04	6.580433e-04
-8.600000e+00	-8.400000e+00	8.036545e-01	6.338985e-04	6.338985e-04
-8.400000e+00	-8.200000e+00	7.277360e-01	6.032147e-04	6.032147e-04
-8.200000e+00	-8.000000e+00	6.411705e-01	5.662025e-04	5.662025e-04
-8.000000e+00	-7.800000e+00	5.482725e-01	5.235802e-04	5.235802e-04
-7.800000e+00	-7.600000e+00	4.540845e-01	4.764895e-04	4.764895e-04
-7.600000e+00	-7.400000e+00	3.630120e-01	4.260352e-04	4.260352e-04
-7.400000e+00	-7.200000e+00	2.791810e-01	3.736181e-04	3.736181e-04
-7.200000e+00	-7.000000e+00	2.060505e-01	3.209755e-04	3.209755e-04
-7.000000e+00	-6.800000e+00	1.458370e-01	2.700343e-04	2.700343e-04
-6.800000e+00	-6.600000e+00	9.822750e-02	2.216162e-04	2.216162e-04
-6.600000e+00	-6.400000e+00	6.329050e-02	1.778911e-04	1.778911e-04
-6.400000e+00	-6.200000e+00	3.881600e-02	1.393126e-04	1.393126e-04
-6.200000e+00	-6.000000e+00	2.268850e-02	1.065094e-04	1.065094e-04
-6.000000e+00	-5.800000e+00	1.253500e-02	7.916754e-05	7.916754e-05
-5.800000e+00	-5.600000e+00	6.789000e-03	5.826234e-05	5.826234e-05
-5.600000e+00	-5.400000e+00	3.484500e-03	4.174027e-05	4.174027e-05
-5.400000e+00	-5.200000e+00	1.685000e-03	2.902585e-05	2.902585e-05
-5.200000e+00	-5.000000e+00	7.970000e-04	1.996246e-05	1.996246e-05
-5.000000e+00	-4.800000e+00	3.525000e-04	1.327592e-05	1.327592e-05
-4.800000e+00	-4.600000e+00	1.420000e-04	8.426150e-06	8.426150e-06
-4.600000e+00	-4.400000e+00	5.750000e-05	5.361903e-06	5.361903e-06
-4.400000e+00	-4.200000e+00	2.050000e-05	3.201562e-06	3.201562e-06
# END HISTO1D

# BEGIN HISTO1D //media/adil/70aa4125-8ea2-43be-afcf-88b43c0b7507/adil/Work/QCD_events/EtaDown.yoda/ALEPH_2004_S5765862/d227-x01-y01
IsRef=1
LineColor=blue
LineStyle=dashed
LineWidth=1.3pt
Path=//media/adil/70aa4125-8ea2-43be-afcf-88b43c0b7507/adil/Work/QCD_events/EtaDown.yoda/ALEPH_2004_S5765862/d227-x01-y01
ScaledBy=5.00000500000499952e-07
Title=$\Delta\eta=-10\%$
XLabel=
YLabel=
# xlow	 xhigh	 val	 errminus	 errplus
-1.000000e+01	-9.800000e+00	9.959190e-01	7.056628e-04	7.056628e-04
-9.800000e+00	-9.600000e+00	9.918100e-01	7.042056e-04	7.042056e-04
-9.600000e+00	-9.400000e+00	9.837595e-01	7.013417e-04	7.013417e-04
-9.400000e+00	-9.200000e+00	9.699890e-01	6.964158e-04	6.964158e-04
-9.200000e+00	-9.000000e+00	9.474625e-01	6.882817e-04	6.882817e-04
-9.000000e+00	-8.800000e+00	9.133300e-01	6.757703e-04	6.757703e-04
-8.800000e+00	-8.600000e+00	8.655865e-01	6.578704e-04	6.578704e-04
-8.600000e+00	-8.400000e+00	8.031625e-01	6.337046e-04	6.337046e-04
-8.400000e+00	-8.200000e+00	7.272350e-01	6.030075e-04	6.030075e-04
-8.200000e+00	-8.000000e+00	6.408530e-01	5.660627e-04	5.660627e-04
-8.000000e+00	-7.800000e+00	5.480755e-01	5.234864e-04	5.234864e-04
-7.800000e+00	-7.600000e+00	4.538964e-01	4.763911e-04	4.763911e-04
-7.600000e+00	-7.400000e+00	3.625414e-01	4.257592e-04	4.257592e-04
-7.400000e+00	-7.200000e+00	2.786363e-01	3.732536e-04	3.732536e-04
-7.200000e+00	-7.000000e+00	2.058672e-01	3.208328e-04	3.208328e-04
-7.000000e+00	-6.800000e+00	1.453181e-01	2.695536e-04	2.695536e-04
-6.800000e+00	-6.600000e+00	9.808960e-02	2.214607e-04	2.214607e-04
-6.600000e+00	-6.400000e+00	6.320355e-02	1.777690e-04	1.777690e-04
-6.400000e+00	-6.200000e+00	3.865754e-02	1.390280e-04	1.390280e-04
-6.200000e+00	-6.000000e+00	2.264102e-02	1.063979e-04	1.063979e-04
-6.000000e+00	-5.800000e+00	1.262901e-02	7.946391e-05	7.946391e-05
-5.800000e+00	-5.600000e+00	6.754505e-03	5.811418e-05	5.811418e-05
-5.600000e+00	-5.400000e+00	3.521504e-03	4.196133e-05	4.196133e-05
-5.400000e+00	-5.200000e+00	1.736501e-03	2.946611e-05	2.946611e-05
-5.200000e+00	-5.000000e+00	8.050010e-04	2.006242e-05	2.006242e-05
-5.000000e+00	-4.800000e+00	3.585003e-04	1.338844e-05	1.338844e-05
-4.800000e+00	-4.600000e+00	1.490001e-04	8.631347e-06	8.631347e-06
-4.600000e+00	-4.400000e+00	6.550005e-05	5.722768e-06	5.722768e-06
-4.400000e+00	-4.200000e+00	2.150002e-05	3.278723e-06	3.278723e-06
# END HISTO1D

# BEGIN HISTO1D //media/adil/70aa4125-8ea2-43be-afcf-88b43c0b7507/adil/Work/QCD_events/EtaUp.yoda/ALEPH_2004_S5765862/d227-x01-y01
IsRef=1
LineColor=blue
LineStyle=dotdashed
LineWidth=1.3pt$
Path=//media/adil/70aa4125-8ea2-43be-afcf-88b43c0b7507/adil/Work/QCD_events/EtaUp.yoda/ALEPH_2004_S5765862/d227-x01-y01
ScaledBy=4.99999999999999977e-07
Title=$\Delta\eta=+10\%$
XLabel=
YLabel=
# xlow	 xhigh	 val	 errminus	 errplus
-1.000000e+01	-9.800000e+00	9.960190e-01	7.056979e-04	7.056979e-04
-9.800000e+00	-9.600000e+00	9.918620e-01	7.042237e-04	7.042237e-04
-9.600000e+00	-9.400000e+00	9.839725e-01	7.014173e-04	7.014173e-04
-9.400000e+00	-9.200000e+00	9.701965e-01	6.964899e-04	6.964899e-04
-9.200000e+00	-9.000000e+00	9.475360e-01	6.883081e-04	6.883081e-04
-9.000000e+00	-8.800000e+00	9.134150e-01	6.758014e-04	6.758014e-04
-8.800000e+00	-8.600000e+00	8.656665e-01	6.579006e-04	6.579006e-04
-8.600000e+00	-8.400000e+00	8.033720e-01	6.337870e-04	6.337870e-04
-8.400000e+00	-8.200000e+00	7.270760e-01	6.029411e-04	6.029411e-04
-8.200000e+00	-8.000000e+00	6.408660e-01	5.660680e-04	5.660680e-04
-8.000000e+00	-7.800000e+00	5.476885e-01	5.233013e-04	5.233013e-04
-7.800000e+00	-7.600000e+00	4.535890e-01	4.762295e-04	4.762295e-04
-7.600000e+00	-7.400000e+00	3.624285e-01	4.256927e-04	4.256927e-04
-7.400000e+00	-7.200000e+00	2.786220e-01	3.732439e-04	3.732439e-04
-7.200000e+00	-7.000000e+00	2.057710e-01	3.207577e-04	3.207577e-04
-7.000000e+00	-6.800000e+00	1.452610e-01	2.695005e-04	2.695005e-04
-6.800000e+00	-6.600000e+00	9.796700e-02	2.213222e-04	2.213222e-04
-6.600000e+00	-6.400000e+00	6.293650e-02	1.773929e-04	1.773929e-04
-6.400000e+00	-6.200000e+00	3.856700e-02	1.388650e-04	1.388650e-04
-6.200000e+00	-6.000000e+00	2.251200e-02	1.060943e-04	1.060943e-04
-6.000000e+00	-5.800000e+00	1.257250e-02	7.928588e-05	7.928588e-05
-5.800000e+00	-5.600000e+00	6.679000e-03	5.778841e-05	5.778841e-05
-5.600000e+00	-5.400000e+00	3.440500e-03	4.147590e-05	4.147590e-05
-5.400000e+00	-5.200000e+00	1.691000e-03	2.907748e-05	2.907748e-05
-5.200000e+00	-5.000000e+00	8.245000e-04	2.030394e-05	2.030394e-05
-5.000000e+00	-4.800000e+00	3.760000e-04	1.371131e-05	1.371131e-05
-4.800000e+00	-4.600000e+00	1.595000e-04	8.930286e-06	8.930286e-06
-4.600000e+00	-4.400000e+00	6.400000e-05	5.656854e-06	5.656854e-06
-4.400000e+00	-4.200000e+00	2.150000e-05	3.278719e-06	3.278719e-06
# END HISTO1D

