# BEGIN PLOT
LegendOnly=/ALEPH_2004_S5765862/d86-x01-y01 //media/adil/70aa4125-8ea2-43be-afcf-88b43c0b7507/adil/Work/QCD_events/Monash.yoda/ALEPH_2004_S5765862/d86-x01-y01 //media/adil/70aa4125-8ea2-43be-afcf-88b43c0b7507/adil/Work/QCD_events/RhoDown.yoda/ALEPH_2004_S5765862/d86-x01-y01 //media/adil/70aa4125-8ea2-43be-afcf-88b43c0b7507/adil/Work/QCD_events/RhoUp.yoda/ALEPH_2004_S5765862/d86-x01-y01 //media/adil/70aa4125-8ea2-43be-afcf-88b43c0b7507/adil/Work/QCD_events/EtaDown.yoda/ALEPH_2004_S5765862/d86-x01-y01 //media/adil/70aa4125-8ea2-43be-afcf-88b43c0b7507/adil/Work/QCD_events/EtaUp.yoda/ALEPH_2004_S5765862/d86-x01-y01
DrawOnly=/ALEPH_2004_S5765862/d86-x01-y01 //media/adil/70aa4125-8ea2-43be-afcf-88b43c0b7507/adil/Work/QCD_events/Monash.yoda/ALEPH_2004_S5765862/d86-x01-y01 //media/adil/70aa4125-8ea2-43be-afcf-88b43c0b7507/adil/Work/QCD_events/RhoDown.yoda/ALEPH_2004_S5765862/d86-x01-y01 //media/adil/70aa4125-8ea2-43be-afcf-88b43c0b7507/adil/Work/QCD_events/RhoUp.yoda/ALEPH_2004_S5765862/d86-x01-y01 //media/adil/70aa4125-8ea2-43be-afcf-88b43c0b7507/adil/Work/QCD_events/EtaDown.yoda/ALEPH_2004_S5765862/d86-x01-y01 //media/adil/70aa4125-8ea2-43be-afcf-88b43c0b7507/adil/Work/QCD_events/EtaUp.yoda/ALEPH_2004_S5765862/d86-x01-y01
Title=C-Parameter ($E_\mathrm{CMS}=91.2$ GeV)
RatioPlot=1
LogY=1
RatioPlotReference=/ALEPH_2004_S5765862/d86-x01-y01
LegendXPos=0.15
XLabel=$C$
YLabel=$1/\sigma \; \mathrm{d}\sigma/\mathrm{d}C$
LegendYPos=0.6
Legend=1
# END PLOT

# BEGIN HISTO1D /ALEPH_2004_S5765862/d86-x01-y01
ConnectBins=0
ErrorBars=1
IsRef=1
Path=/ALEPH_2004_S5765862/d86-x01-y01
PolyMarker=*
Title=Data
# xlow	 xhigh	 val	 errminus	 errplus
0.000000e+00	2.000000e-02	6.711000e-02	6.522147e-02	6.522147e-02
2.000000e-02	4.000000e-02	1.725200e-01	1.732184e-02	1.732184e-02
4.000000e-02	6.000000e-02	9.903800e-01	5.928157e-02	5.928157e-02
6.000000e-02	8.000000e-02	2.637860e+00	1.470914e-01	1.470914e-01
8.000000e-02	1.000000e-01	4.051420e+00	2.145353e-01	2.145353e-01
1.000000e-01	1.200000e-01	4.374760e+00	2.272031e-01	2.272031e-01
1.200000e-01	1.400000e-01	3.975320e+00	7.806441e-02	7.806441e-02
1.400000e-01	1.600000e-01	3.422430e+00	6.772863e-02	6.772863e-02
1.600000e-01	1.800000e-01	2.929730e+00	6.094941e-02	6.094941e-02
1.800000e-01	2.000000e-01	2.548540e+00	3.268407e-02	3.268407e-02
2.000000e-01	2.200000e-01	2.250120e+00	2.902130e-02	2.902130e-02
2.200000e-01	2.400000e-01	1.977010e+00	3.172943e-02	3.172943e-02
2.400000e-01	2.600000e-01	1.801340e+00	2.592662e-02	2.592662e-02
2.600000e-01	2.800000e-01	1.605940e+00	1.932028e-02	1.932028e-02
2.800000e-01	3.000000e-01	1.453210e+00	1.618114e-02	1.618114e-02
3.000000e-01	3.200000e-01	1.299520e+00	4.055223e-02	4.055223e-02
3.200000e-01	3.400000e-01	1.186030e+00	3.691786e-02	3.691786e-02
3.400000e-01	3.600000e-01	1.081690e+00	3.259402e-02	3.259402e-02
3.600000e-01	3.800000e-01	1.019950e+00	3.531179e-02	3.531179e-02
3.800000e-01	4.000000e-01	9.276800e-01	3.292740e-02	3.292740e-02
4.000000e-01	4.200000e-01	8.626700e-01	3.127544e-02	3.127544e-02
4.200000e-01	4.400000e-01	7.951200e-01	2.164832e-02	2.164832e-02
4.400000e-01	4.600000e-01	7.507400e-01	2.321866e-02	2.321866e-02
4.600000e-01	4.800000e-01	6.940800e-01	1.897085e-02	1.897085e-02
4.800000e-01	5.000000e-01	6.293100e-01	2.656544e-02	2.656544e-02
5.000000e-01	5.200000e-01	6.022700e-01	2.400893e-02	2.400893e-02
5.200000e-01	5.400000e-01	5.587000e-01	2.356577e-02	2.356577e-02
5.400000e-01	5.600000e-01	5.327200e-01	2.137970e-02	2.137970e-02
5.600000e-01	5.800000e-01	5.038800e-01	1.872664e-02	1.872664e-02
5.800000e-01	6.000000e-01	4.591800e-01	1.952863e-02	1.952863e-02
6.000000e-01	6.200000e-01	4.264200e-01	2.179867e-02	2.179867e-02
6.200000e-01	6.400000e-01	4.098400e-01	2.138274e-02	2.138274e-02
6.400000e-01	6.600000e-01	3.777900e-01	1.937490e-02	1.937490e-02
6.600000e-01	6.800000e-01	3.556300e-01	1.755582e-02	1.755582e-02
6.800000e-01	7.000000e-01	3.400000e-01	1.423789e-02	1.423789e-02
7.000000e-01	7.200000e-01	3.220500e-01	1.401127e-02	1.401127e-02
7.200000e-01	7.400000e-01	3.028600e-01	1.477789e-02	1.477789e-02
7.400000e-01	7.600000e-01	2.883800e-01	1.392238e-02	1.392238e-02
7.600000e-01	7.800000e-01	2.714700e-01	1.359709e-02	1.359709e-02
7.800000e-01	8.000000e-01	2.274200e-01	2.199366e-02	2.199366e-02
8.000000e-01	8.200000e-01	1.754200e-01	1.655307e-02	1.655307e-02
8.200000e-01	8.400000e-01	1.191900e-01	1.151773e-02	1.151773e-02
8.400000e-01	8.600000e-01	8.324000e-02	1.151929e-02	1.151929e-02
8.600000e-01	8.800000e-01	5.707000e-02	7.795499e-03	7.795499e-03
8.800000e-01	9.000000e-01	3.548000e-02	5.816752e-03	5.816752e-03
9.000000e-01	9.200000e-01	2.111000e-02	4.886604e-03	4.886604e-03
9.200000e-01	9.400000e-01	1.266000e-02	3.057286e-03	3.057286e-03
9.400000e-01	9.600000e-01	8.920000e-03	2.247198e-03	2.247198e-03
9.600000e-01	9.800000e-01	2.920000e-03	8.307828e-04	8.307828e-04
9.800000e-01	1.000000e+00	9.100000e-04	4.064480e-04	4.064480e-04
# END HISTO1D

# BEGIN HISTO1D //media/adil/70aa4125-8ea2-43be-afcf-88b43c0b7507/adil/Work/QCD_events/Monash.yoda/ALEPH_2004_S5765862/d86-x01-y01
IsRef=1
LineColor=red
LineStyle=solid
LineWidth=1.3pt
Path=//media/adil/70aa4125-8ea2-43be-afcf-88b43c0b7507/adil/Work/QCD_events/Monash.yoda/ALEPH_2004_S5765862/d86-x01-y01
ScaledBy=4.99999999999999977e-07
Title=nominal
XLabel=
YLabel=
# xlow	 xhigh	 val	 errminus	 errplus
0.000000e+00	2.000000e-02	7.775000e-03	4.408798e-04	4.408798e-04
2.000000e-02	4.000000e-02	1.481750e-01	1.924675e-03	1.924675e-03
4.000000e-02	6.000000e-02	8.614750e-01	4.640784e-03	4.640784e-03
6.000000e-02	8.000000e-02	2.205725e+00	7.425842e-03	7.425842e-03
8.000000e-02	1.000000e-01	3.482900e+00	9.331265e-03	9.331265e-03
1.000000e-01	1.200000e-01	4.009300e+00	1.001162e-02	1.001162e-02
1.200000e-01	1.400000e-01	3.896750e+00	9.870094e-03	9.870094e-03
1.400000e-01	1.600000e-01	3.500050e+00	9.354210e-03	9.354210e-03
1.600000e-01	1.800000e-01	3.086275e+00	8.783899e-03	8.783899e-03
1.800000e-01	2.000000e-01	2.700075e+00	8.215952e-03	8.215952e-03
2.000000e-01	2.200000e-01	2.404125e+00	7.752621e-03	7.752621e-03
2.200000e-01	2.400000e-01	2.134650e+00	7.305221e-03	7.305221e-03
2.400000e-01	2.600000e-01	1.904175e+00	6.899592e-03	6.899592e-03
2.600000e-01	2.800000e-01	1.709050e+00	6.536532e-03	6.536532e-03
2.800000e-01	3.000000e-01	1.545925e+00	6.216762e-03	6.216762e-03
3.000000e-01	3.200000e-01	1.393400e+00	5.902118e-03	5.902118e-03
3.200000e-01	3.400000e-01	1.278925e+00	5.654478e-03	5.654478e-03
3.400000e-01	3.600000e-01	1.161350e+00	5.388298e-03	5.388298e-03
3.600000e-01	3.800000e-01	1.062500e+00	5.153882e-03	5.153882e-03
3.800000e-01	4.000000e-01	9.941250e-01	4.985291e-03	4.985291e-03
4.000000e-01	4.200000e-01	9.039250e-01	4.753749e-03	4.753749e-03
4.200000e-01	4.400000e-01	8.374500e-01	4.575615e-03	4.575615e-03
4.400000e-01	4.600000e-01	7.718000e-01	4.392607e-03	4.392607e-03
4.600000e-01	4.800000e-01	7.223500e-01	4.249559e-03	4.249559e-03
4.800000e-01	5.000000e-01	6.587500e-01	4.058171e-03	4.058171e-03
5.000000e-01	5.200000e-01	6.197750e-01	3.936289e-03	3.936289e-03
5.200000e-01	5.400000e-01	5.797000e-01	3.806902e-03	3.806902e-03
5.400000e-01	5.600000e-01	5.459750e-01	3.694506e-03	3.694506e-03
5.600000e-01	5.800000e-01	4.996750e-01	3.534385e-03	3.534385e-03
5.800000e-01	6.000000e-01	4.721250e-01	3.435568e-03	3.435568e-03
6.000000e-01	6.200000e-01	4.399000e-01	3.316248e-03	3.316248e-03
6.200000e-01	6.400000e-01	4.083500e-01	3.195113e-03	3.195113e-03
6.400000e-01	6.600000e-01	3.848250e-01	3.101713e-03	3.101713e-03
6.600000e-01	6.800000e-01	3.620250e-01	3.008426e-03	3.008426e-03
6.800000e-01	7.000000e-01	3.467000e-01	2.944062e-03	2.944062e-03
7.000000e-01	7.200000e-01	3.222500e-01	2.838353e-03	2.838353e-03
7.200000e-01	7.400000e-01	3.033000e-01	2.753634e-03	2.753634e-03
7.400000e-01	7.600000e-01	2.854750e-01	2.671493e-03	2.671493e-03
7.600000e-01	7.800000e-01	2.705250e-01	2.600601e-03	2.600601e-03
7.800000e-01	8.000000e-01	2.344250e-01	2.420873e-03	2.420873e-03
8.000000e-01	8.200000e-01	1.860750e-01	2.156821e-03	2.156821e-03
8.200000e-01	8.400000e-01	1.268000e-01	1.780449e-03	1.780449e-03
8.400000e-01	8.600000e-01	8.717500e-02	1.476271e-03	1.476271e-03
8.600000e-01	8.800000e-01	5.757500e-02	1.199740e-03	1.199740e-03
8.800000e-01	9.000000e-01	3.880000e-02	9.848858e-04	9.848858e-04
9.000000e-01	9.200000e-01	2.360000e-02	7.681146e-04	7.681146e-04
9.200000e-01	9.400000e-01	1.317500e-02	5.739120e-04	5.739120e-04
9.400000e-01	9.600000e-01	6.925000e-03	4.160829e-04	4.160829e-04
9.600000e-01	9.800000e-01	3.125000e-03	2.795085e-04	2.795085e-04
9.800000e-01	1.000000e+00	7.250000e-04	1.346291e-04	1.346291e-04
# END HISTO1D

# BEGIN HISTO1D //media/adil/70aa4125-8ea2-43be-afcf-88b43c0b7507/adil/Work/QCD_events/RhoDown.yoda/ALEPH_2004_S5765862/d86-x01-y01
IsRef=1
LineColor=red
LineStyle=dashed
LineWidth=1.3pt
Path=//media/adil/70aa4125-8ea2-43be-afcf-88b43c0b7507/adil/Work/QCD_events/RhoDown.yoda/ALEPH_2004_S5765862/d86-x01-y01
ScaledBy=4.99999999999999977e-07
Title=$\Delta\rho=-10\%$
XLabel=
YLabel=
# xlow	 xhigh	 val	 errminus	 errplus
0.000000e+00	2.000000e-02	7.975000e-03	4.465143e-04	4.465143e-04
2.000000e-02	4.000000e-02	1.497000e-01	1.934554e-03	1.934554e-03
4.000000e-02	6.000000e-02	8.565250e-01	4.627432e-03	4.627432e-03
6.000000e-02	8.000000e-02	2.213300e+00	7.438582e-03	7.438582e-03
8.000000e-02	1.000000e-01	3.497475e+00	9.350769e-03	9.350769e-03
1.000000e-01	1.200000e-01	4.041625e+00	1.005190e-02	1.005190e-02
1.200000e-01	1.400000e-01	3.902625e+00	9.877531e-03	9.877531e-03
1.400000e-01	1.600000e-01	3.512175e+00	9.370399e-03	9.370399e-03
1.600000e-01	1.800000e-01	3.084350e+00	8.781159e-03	8.781159e-03
1.800000e-01	2.000000e-01	2.702275e+00	8.219299e-03	8.219299e-03
2.000000e-01	2.200000e-01	2.390325e+00	7.730338e-03	7.730338e-03
2.200000e-01	2.400000e-01	2.132825e+00	7.302097e-03	7.302097e-03
2.400000e-01	2.600000e-01	1.902275e+00	6.896149e-03	6.896149e-03
2.600000e-01	2.800000e-01	1.697100e+00	6.513640e-03	6.513640e-03
2.800000e-01	3.000000e-01	1.543075e+00	6.211028e-03	6.211028e-03
3.000000e-01	3.200000e-01	1.395200e+00	5.905929e-03	5.905929e-03
3.200000e-01	3.400000e-01	1.268725e+00	5.631885e-03	5.631885e-03
3.400000e-01	3.600000e-01	1.162025e+00	5.389863e-03	5.389863e-03
3.600000e-01	3.800000e-01	1.057175e+00	5.140951e-03	5.140951e-03
3.800000e-01	4.000000e-01	9.804250e-01	4.950821e-03	4.950821e-03
4.000000e-01	4.200000e-01	9.092750e-01	4.767796e-03	4.767796e-03
4.200000e-01	4.400000e-01	8.308000e-01	4.557412e-03	4.557412e-03
4.400000e-01	4.600000e-01	7.621750e-01	4.365132e-03	4.365132e-03
4.600000e-01	4.800000e-01	7.118250e-01	4.218486e-03	4.218486e-03
4.800000e-01	5.000000e-01	6.617500e-01	4.067401e-03	4.067401e-03
5.000000e-01	5.200000e-01	6.137750e-01	3.917190e-03	3.917190e-03
5.200000e-01	5.400000e-01	5.757000e-01	3.793745e-03	3.793745e-03
5.400000e-01	5.600000e-01	5.376000e-01	3.666061e-03	3.666061e-03
5.600000e-01	5.800000e-01	5.058500e-01	3.556157e-03	3.556157e-03
5.800000e-01	6.000000e-01	4.744000e-01	3.443835e-03	3.443835e-03
6.000000e-01	6.200000e-01	4.410250e-01	3.320486e-03	3.320486e-03
6.200000e-01	6.400000e-01	4.145750e-01	3.219375e-03	3.219375e-03
6.400000e-01	6.600000e-01	3.886250e-01	3.116990e-03	3.116990e-03
6.600000e-01	6.800000e-01	3.694500e-01	3.039120e-03	3.039120e-03
6.800000e-01	7.000000e-01	3.403000e-01	2.916762e-03	2.916762e-03
7.000000e-01	7.200000e-01	3.272250e-01	2.860179e-03	2.860179e-03
7.200000e-01	7.400000e-01	3.101750e-01	2.784668e-03	2.784668e-03
7.400000e-01	7.600000e-01	2.839250e-01	2.664231e-03	2.664231e-03
7.600000e-01	7.800000e-01	2.661750e-01	2.579608e-03	2.579608e-03
7.800000e-01	8.000000e-01	2.367750e-01	2.432977e-03	2.432977e-03
8.000000e-01	8.200000e-01	1.829750e-01	2.138779e-03	2.138779e-03
8.200000e-01	8.400000e-01	1.277750e-01	1.787281e-03	1.787281e-03
8.400000e-01	8.600000e-01	8.767500e-02	1.480498e-03	1.480498e-03
8.600000e-01	8.800000e-01	5.767500e-02	1.200781e-03	1.200781e-03
8.800000e-01	9.000000e-01	3.842500e-02	9.801148e-04	9.801148e-04
9.000000e-01	9.200000e-01	2.282500e-02	7.553972e-04	7.553972e-04
9.200000e-01	9.400000e-01	1.295000e-02	5.689903e-04	5.689903e-04
9.400000e-01	9.600000e-01	7.250000e-03	4.257347e-04	4.257347e-04
9.600000e-01	9.800000e-01	3.100000e-03	2.783882e-04	2.783882e-04
9.800000e-01	1.000000e+00	7.750000e-04	1.391941e-04	1.391941e-04
# END HISTO1D

# BEGIN HISTO1D //media/adil/70aa4125-8ea2-43be-afcf-88b43c0b7507/adil/Work/QCD_events/RhoUp.yoda/ALEPH_2004_S5765862/d86-x01-y01
IsRef=1
LineColor=red
LineStyle=dotdashed
LineWidth=1.3pt
Path=//media/adil/70aa4125-8ea2-43be-afcf-88b43c0b7507/adil/Work/QCD_events/RhoUp.yoda/ALEPH_2004_S5765862/d86-x01-y01
ScaledBy=4.99999999999999977e-07
Title=$\Delta\rho=+10\%$
XLabel=
YLabel=
# xlow	 xhigh	 val	 errminus	 errplus
0.000000e+00	2.000000e-02	7.900000e-03	4.444097e-04	4.444097e-04
2.000000e-02	4.000000e-02	1.451750e-01	1.905092e-03	1.905092e-03
4.000000e-02	6.000000e-02	8.391500e-01	4.580257e-03	4.580257e-03
6.000000e-02	8.000000e-02	2.201900e+00	7.419400e-03	7.419400e-03
8.000000e-02	1.000000e-01	3.482575e+00	9.330829e-03	9.330829e-03
1.000000e-01	1.200000e-01	4.026100e+00	1.003257e-02	1.003257e-02
1.200000e-01	1.400000e-01	3.914775e+00	9.892895e-03	9.892895e-03
1.400000e-01	1.600000e-01	3.524000e+00	9.386160e-03	9.386160e-03
1.600000e-01	1.800000e-01	3.072425e+00	8.764167e-03	8.764167e-03
1.800000e-01	2.000000e-01	2.694450e+00	8.207390e-03	8.207390e-03
2.000000e-01	2.200000e-01	2.401950e+00	7.749113e-03	7.749113e-03
2.200000e-01	2.400000e-01	2.127200e+00	7.292462e-03	7.292462e-03
2.400000e-01	2.600000e-01	1.912200e+00	6.914116e-03	6.914116e-03
2.600000e-01	2.800000e-01	1.708375e+00	6.535241e-03	6.535241e-03
2.800000e-01	3.000000e-01	1.544575e+00	6.214047e-03	6.214047e-03
3.000000e-01	3.200000e-01	1.393675e+00	5.902701e-03	5.902701e-03
3.200000e-01	3.400000e-01	1.278925e+00	5.654478e-03	5.654478e-03
3.400000e-01	3.600000e-01	1.151500e+00	5.365398e-03	5.365398e-03
3.600000e-01	3.800000e-01	1.059100e+00	5.145629e-03	5.145629e-03
3.800000e-01	4.000000e-01	9.815750e-01	4.953723e-03	4.953723e-03
4.000000e-01	4.200000e-01	9.015500e-01	4.747499e-03	4.747499e-03
4.200000e-01	4.400000e-01	8.288750e-01	4.552129e-03	4.552129e-03
4.400000e-01	4.600000e-01	7.727000e-01	4.395168e-03	4.395168e-03
4.600000e-01	4.800000e-01	7.157000e-01	4.229953e-03	4.229953e-03
4.800000e-01	5.000000e-01	6.662000e-01	4.081054e-03	4.081054e-03
5.000000e-01	5.200000e-01	6.201500e-01	3.937480e-03	3.937480e-03
5.200000e-01	5.400000e-01	5.813500e-01	3.812316e-03	3.812316e-03
5.400000e-01	5.600000e-01	5.481000e-01	3.701689e-03	3.701689e-03
5.600000e-01	5.800000e-01	4.978750e-01	3.528013e-03	3.528013e-03
5.800000e-01	6.000000e-01	4.735500e-01	3.440748e-03	3.440748e-03
6.000000e-01	6.200000e-01	4.365500e-01	3.303597e-03	3.303597e-03
6.200000e-01	6.400000e-01	4.215500e-01	3.246344e-03	3.246344e-03
6.400000e-01	6.600000e-01	3.869250e-01	3.110165e-03	3.110165e-03
6.600000e-01	6.800000e-01	3.630000e-01	3.012474e-03	3.012474e-03
6.800000e-01	7.000000e-01	3.441250e-01	2.933108e-03	2.933108e-03
7.000000e-01	7.200000e-01	3.224250e-01	2.839124e-03	2.839124e-03
7.200000e-01	7.400000e-01	3.089250e-01	2.779051e-03	2.779051e-03
7.400000e-01	7.600000e-01	2.927000e-01	2.705088e-03	2.705088e-03
7.600000e-01	7.800000e-01	2.709000e-01	2.602403e-03	2.602403e-03
7.800000e-01	8.000000e-01	2.380500e-01	2.439518e-03	2.439518e-03
8.000000e-01	8.200000e-01	1.822500e-01	2.134537e-03	2.134537e-03
8.200000e-01	8.400000e-01	1.289500e-01	1.795480e-03	1.795480e-03
8.400000e-01	8.600000e-01	8.590000e-02	1.465435e-03	1.465435e-03
8.600000e-01	8.800000e-01	5.830000e-02	1.207270e-03	1.207270e-03
8.800000e-01	9.000000e-01	3.782500e-02	9.724325e-04	9.724325e-04
9.000000e-01	9.200000e-01	2.395000e-02	7.737894e-04	7.737894e-04
9.200000e-01	9.400000e-01	1.342500e-02	5.793315e-04	5.793315e-04
9.400000e-01	9.600000e-01	6.975000e-03	4.175823e-04	4.175823e-04
9.600000e-01	9.800000e-01	3.125000e-03	2.795085e-04	2.795085e-04
9.800000e-01	1.000000e+00	5.750000e-04	1.198958e-04	1.198958e-04
# END HISTO1D

# BEGIN HISTO1D //media/adil/70aa4125-8ea2-43be-afcf-88b43c0b7507/adil/Work/QCD_events/EtaDown.yoda/ALEPH_2004_S5765862/d86-x01-y01
IsRef=1
LineColor=blue
LineStyle=dashed
LineWidth=1.3pt
Path=//media/adil/70aa4125-8ea2-43be-afcf-88b43c0b7507/adil/Work/QCD_events/EtaDown.yoda/ALEPH_2004_S5765862/d86-x01-y01
ScaledBy=5.00000500000499952e-07
Title=$\Delta\eta=-10\%$
XLabel=
YLabel=
# xlow	 xhigh	 val	 errminus	 errplus
0.000000e+00	2.000000e-02	7.450005e-03	4.315673e-04	4.315673e-04
2.000000e-02	4.000000e-02	1.477751e-01	1.922078e-03	1.922078e-03
4.000000e-02	6.000000e-02	8.543010e-01	4.621422e-03	4.621422e-03
6.000000e-02	8.000000e-02	2.224227e+00	7.456925e-03	7.456925e-03
8.000000e-02	1.000000e-01	3.493953e+00	9.346065e-03	9.346065e-03
1.000000e-01	1.200000e-01	4.027004e+00	1.003370e-02	1.003370e-02
1.200000e-01	1.400000e-01	3.886679e+00	9.857336e-03	9.857336e-03
1.400000e-01	1.600000e-01	3.499554e+00	9.353551e-03	9.353551e-03
1.600000e-01	1.800000e-01	3.085078e+00	8.782199e-03	8.782199e-03
1.800000e-01	2.000000e-01	2.712702e+00	8.235146e-03	8.235146e-03
2.000000e-01	2.200000e-01	2.382453e+00	7.717602e-03	7.717602e-03
2.200000e-01	2.400000e-01	2.133002e+00	7.302404e-03	7.302404e-03
2.400000e-01	2.600000e-01	1.894777e+00	6.882549e-03	6.882549e-03
2.600000e-01	2.800000e-01	1.715776e+00	6.549385e-03	6.549385e-03
2.800000e-01	3.000000e-01	1.537052e+00	6.198897e-03	6.198897e-03
3.000000e-01	3.200000e-01	1.388751e+00	5.892268e-03	5.892268e-03
3.200000e-01	3.400000e-01	1.276426e+00	5.648956e-03	5.648956e-03
3.400000e-01	3.600000e-01	1.167451e+00	5.402435e-03	5.402435e-03
3.600000e-01	3.800000e-01	1.058851e+00	5.145027e-03	5.145027e-03
3.800000e-01	4.000000e-01	9.805010e-01	4.951015e-03	4.951015e-03
4.000000e-01	4.200000e-01	9.032760e-01	4.752044e-03	4.752044e-03
4.200000e-01	4.400000e-01	8.307260e-01	4.557210e-03	4.557210e-03
4.400000e-01	4.600000e-01	7.705260e-01	4.388982e-03	4.388982e-03
4.600000e-01	4.800000e-01	7.133505e-01	4.223007e-03	4.223007e-03
4.800000e-01	5.000000e-01	6.658755e-01	4.080062e-03	4.080062e-03
5.000000e-01	5.200000e-01	6.199505e-01	3.936849e-03	3.936849e-03
5.200000e-01	5.400000e-01	5.785755e-01	3.803210e-03	3.803210e-03
5.400000e-01	5.600000e-01	5.461005e-01	3.694933e-03	3.694933e-03
5.600000e-01	5.800000e-01	4.991755e-01	3.532619e-03	3.532619e-03
5.800000e-01	6.000000e-01	4.716754e-01	3.433933e-03	3.433933e-03
6.000000e-01	6.200000e-01	4.405254e-01	3.318606e-03	3.318606e-03
6.200000e-01	6.400000e-01	4.132504e-01	3.214229e-03	3.214229e-03
6.400000e-01	6.600000e-01	3.934254e-01	3.136183e-03	3.136183e-03
6.600000e-01	6.800000e-01	3.606503e-01	3.002710e-03	3.002710e-03
6.800000e-01	7.000000e-01	3.477504e-01	2.948520e-03	2.948520e-03
7.000000e-01	7.200000e-01	3.227003e-01	2.840337e-03	2.840337e-03
7.200000e-01	7.400000e-01	3.014253e-01	2.745112e-03	2.745112e-03
7.400000e-01	7.600000e-01	2.904003e-01	2.694442e-03	2.694442e-03
7.600000e-01	7.800000e-01	2.730502e-01	2.612712e-03	2.612712e-03
7.800000e-01	8.000000e-01	2.401752e-01	2.450385e-03	2.450385e-03
8.000000e-01	8.200000e-01	1.845252e-01	2.147821e-03	2.147821e-03
8.200000e-01	8.400000e-01	1.278501e-01	1.787808e-03	1.787808e-03
8.400000e-01	8.600000e-01	8.900010e-02	1.491645e-03	1.491645e-03
8.600000e-01	8.800000e-01	5.690005e-02	1.192687e-03	1.192687e-03
8.800000e-01	9.000000e-01	3.795004e-02	9.740390e-04	9.740390e-04
9.000000e-01	9.200000e-01	2.440002e-02	7.810258e-04	7.810258e-04
9.200000e-01	9.400000e-01	1.255002e-02	5.601346e-04	5.601346e-04
9.400000e-01	9.600000e-01	7.100005e-03	4.213079e-04	4.213079e-04
9.600000e-01	9.800000e-01	2.750003e-03	2.622025e-04	2.622025e-04
9.800000e-01	1.000000e+00	6.250005e-04	1.250001e-04	1.250001e-04
# END HISTO1D

# BEGIN HISTO1D //media/adil/70aa4125-8ea2-43be-afcf-88b43c0b7507/adil/Work/QCD_events/EtaUp.yoda/ALEPH_2004_S5765862/d86-x01-y01
IsRef=1
LineColor=blue
LineStyle=dotdashed
LineWidth=1.3pt$
Path=//media/adil/70aa4125-8ea2-43be-afcf-88b43c0b7507/adil/Work/QCD_events/EtaUp.yoda/ALEPH_2004_S5765862/d86-x01-y01
ScaledBy=4.99999999999999977e-07
Title=$\Delta\eta=+10\%$
XLabel=
YLabel=
# xlow	 xhigh	 val	 errminus	 errplus
0.000000e+00	2.000000e-02	7.450000e-03	4.315669e-04	4.315669e-04
2.000000e-02	4.000000e-02	1.451250e-01	1.904764e-03	1.904764e-03
4.000000e-02	6.000000e-02	8.518250e-01	4.614718e-03	4.614718e-03
6.000000e-02	8.000000e-02	2.190050e+00	7.399409e-03	7.399409e-03
8.000000e-02	1.000000e-01	3.474475e+00	9.319972e-03	9.319972e-03
1.000000e-01	1.200000e-01	4.036850e+00	1.004596e-02	1.004596e-02
1.200000e-01	1.400000e-01	3.918050e+00	9.897032e-03	9.897032e-03
1.400000e-01	1.600000e-01	3.511125e+00	9.368998e-03	9.368998e-03
1.600000e-01	1.800000e-01	3.082550e+00	8.778596e-03	8.778596e-03
1.800000e-01	2.000000e-01	2.720025e+00	8.246249e-03	8.246249e-03
2.000000e-01	2.200000e-01	2.398600e+00	7.743707e-03	7.743707e-03
2.200000e-01	2.400000e-01	2.121375e+00	7.282470e-03	7.282470e-03
2.400000e-01	2.600000e-01	1.900750e+00	6.893385e-03	6.893385e-03
2.600000e-01	2.800000e-01	1.703625e+00	6.526149e-03	6.526149e-03
2.800000e-01	3.000000e-01	1.544500e+00	6.213896e-03	6.213896e-03
3.000000e-01	3.200000e-01	1.399475e+00	5.914970e-03	5.914970e-03
3.200000e-01	3.400000e-01	1.281400e+00	5.659947e-03	5.659947e-03
3.400000e-01	3.600000e-01	1.162150e+00	5.390153e-03	5.390153e-03
3.600000e-01	3.800000e-01	1.066900e+00	5.164543e-03	5.164543e-03
3.800000e-01	4.000000e-01	9.834750e-01	4.958515e-03	4.958515e-03
4.000000e-01	4.200000e-01	8.976500e-01	4.737220e-03	4.737220e-03
4.200000e-01	4.400000e-01	8.334250e-01	4.564606e-03	4.564606e-03
4.400000e-01	4.600000e-01	7.688500e-01	4.384205e-03	4.384205e-03
4.600000e-01	4.800000e-01	7.039500e-01	4.195086e-03	4.195086e-03
4.800000e-01	5.000000e-01	6.708000e-01	4.095119e-03	4.095119e-03
5.000000e-01	5.200000e-01	6.190000e-01	3.933828e-03	3.933828e-03
5.200000e-01	5.400000e-01	5.769250e-01	3.797779e-03	3.797779e-03
5.400000e-01	5.600000e-01	5.373750e-01	3.665293e-03	3.665293e-03
5.600000e-01	5.800000e-01	5.033750e-01	3.547446e-03	3.547446e-03
5.800000e-01	6.000000e-01	4.755500e-01	3.448007e-03	3.448007e-03
6.000000e-01	6.200000e-01	4.440750e-01	3.331948e-03	3.331948e-03
6.200000e-01	6.400000e-01	4.130000e-01	3.213254e-03	3.213254e-03
6.400000e-01	6.600000e-01	3.845000e-01	3.100403e-03	3.100403e-03
6.600000e-01	6.800000e-01	3.602250e-01	3.000937e-03	3.000937e-03
6.800000e-01	7.000000e-01	3.477250e-01	2.948411e-03	2.948411e-03
7.000000e-01	7.200000e-01	3.224500e-01	2.839234e-03	2.839234e-03
7.200000e-01	7.400000e-01	3.040000e-01	2.756810e-03	2.756810e-03
7.400000e-01	7.600000e-01	2.858250e-01	2.673130e-03	2.673130e-03
7.600000e-01	7.800000e-01	2.721750e-01	2.608520e-03	2.608520e-03
7.800000e-01	8.000000e-01	2.399500e-01	2.449235e-03	2.449235e-03
8.000000e-01	8.200000e-01	1.821000e-01	2.133659e-03	2.133659e-03
8.200000e-01	8.400000e-01	1.304500e-01	1.805893e-03	1.805893e-03
8.400000e-01	8.600000e-01	8.697500e-02	1.474576e-03	1.474576e-03
8.600000e-01	8.800000e-01	5.715000e-02	1.195303e-03	1.195303e-03
8.800000e-01	9.000000e-01	3.620000e-02	9.513149e-04	9.513149e-04
9.000000e-01	9.200000e-01	2.227500e-02	7.462406e-04	7.462406e-04
9.200000e-01	9.400000e-01	1.230000e-02	5.545268e-04	5.545268e-04
9.400000e-01	9.600000e-01	7.775000e-03	4.408798e-04	4.408798e-04
9.600000e-01	9.800000e-01	3.450000e-03	2.936835e-04	2.936835e-04
9.800000e-01	1.000000e+00	7.250000e-04	1.346291e-04	1.346291e-04
# END HISTO1D

