# BEGIN PLOT
LegendOnly=/ALEPH_2004_S5765862/d94-x01-y01 //media/adil/70aa4125-8ea2-43be-afcf-88b43c0b7507/adil/Work/QCD_events/Monash.yoda/ALEPH_2004_S5765862/d94-x01-y01 //media/adil/70aa4125-8ea2-43be-afcf-88b43c0b7507/adil/Work/QCD_events/RhoDown.yoda/ALEPH_2004_S5765862/d94-x01-y01 //media/adil/70aa4125-8ea2-43be-afcf-88b43c0b7507/adil/Work/QCD_events/RhoUp.yoda/ALEPH_2004_S5765862/d94-x01-y01 //media/adil/70aa4125-8ea2-43be-afcf-88b43c0b7507/adil/Work/QCD_events/EtaDown.yoda/ALEPH_2004_S5765862/d94-x01-y01 //media/adil/70aa4125-8ea2-43be-afcf-88b43c0b7507/adil/Work/QCD_events/EtaUp.yoda/ALEPH_2004_S5765862/d94-x01-y01
DrawOnly=/ALEPH_2004_S5765862/d94-x01-y01 //media/adil/70aa4125-8ea2-43be-afcf-88b43c0b7507/adil/Work/QCD_events/Monash.yoda/ALEPH_2004_S5765862/d94-x01-y01 //media/adil/70aa4125-8ea2-43be-afcf-88b43c0b7507/adil/Work/QCD_events/RhoDown.yoda/ALEPH_2004_S5765862/d94-x01-y01 //media/adil/70aa4125-8ea2-43be-afcf-88b43c0b7507/adil/Work/QCD_events/RhoUp.yoda/ALEPH_2004_S5765862/d94-x01-y01 //media/adil/70aa4125-8ea2-43be-afcf-88b43c0b7507/adil/Work/QCD_events/EtaDown.yoda/ALEPH_2004_S5765862/d94-x01-y01 //media/adil/70aa4125-8ea2-43be-afcf-88b43c0b7507/adil/Work/QCD_events/EtaUp.yoda/ALEPH_2004_S5765862/d94-x01-y01
Title=Thrust major ($E_\mathrm{CMS}=91.2$ GeV)
RatioPlot=1
LogY=1
RatioPlotReference=/ALEPH_2004_S5765862/d94-x01-y01
LegendXPos=0.15
XLabel=$T_\mathrm{major}$
YLabel=$1/\sigma \; \mathrm{d}\sigma/\mathrm{d}T_\mathrm{major}$
LegendYPos=0.6
Legend=1
# END PLOT

# BEGIN HISTO1D /ALEPH_2004_S5765862/d94-x01-y01
ConnectBins=0
ErrorBars=1
IsRef=1
Path=/ALEPH_2004_S5765862/d94-x01-y01
PolyMarker=*
Title=Data
# xlow	 xhigh	 val	 errminus	 errplus
0.000000e+00	2.000000e-02	2.115000e-02	2.263183e-02	2.263183e-02
2.000000e-02	4.000000e-02	2.279000e-01	1.300624e-01	1.300624e-01
4.000000e-02	6.000000e-02	2.157700e+00	1.679835e-01	1.679835e-01
6.000000e-02	8.000000e-02	5.796250e+00	2.104402e-01	2.104402e-01
8.000000e-02	1.000000e-01	6.619700e+00	2.244394e-01	2.244394e-01
1.000000e-01	1.200000e-01	5.865100e+00	1.990561e-01	1.990561e-01
1.200000e-01	1.400000e-01	4.686210e+00	8.153786e-02	8.153786e-02
1.400000e-01	1.600000e-01	3.795440e+00	6.587703e-02	6.587703e-02
1.600000e-01	1.800000e-01	3.156290e+00	5.636535e-02	5.636535e-02
1.800000e-01	2.000000e-01	2.646090e+00	1.052932e-01	1.052932e-01
2.000000e-01	2.200000e-01	2.242510e+00	8.815534e-02	8.815534e-02
2.200000e-01	2.400000e-01	1.912770e+00	7.526172e-02	7.526172e-02
2.400000e-01	2.600000e-01	1.625500e+00	7.654977e-02	7.654977e-02
2.600000e-01	2.800000e-01	1.429200e+00	6.318096e-02	6.318096e-02
2.800000e-01	3.000000e-01	1.205500e+00	5.321354e-02	5.321354e-02
3.000000e-01	3.200000e-01	1.059600e+00	3.956245e-02	3.956245e-02
3.200000e-01	3.400000e-01	9.127000e-01	3.464028e-02	3.464028e-02
3.400000e-01	3.600000e-01	7.941700e-01	3.085183e-02	3.085183e-02
3.600000e-01	3.800000e-01	6.751200e-01	3.339775e-02	3.339775e-02
3.800000e-01	4.000000e-01	5.945100e-01	2.751222e-02	2.751222e-02
4.000000e-01	4.200000e-01	5.171500e-01	2.435876e-02	2.435876e-02
4.200000e-01	4.400000e-01	4.344000e-01	1.954004e-02	1.954004e-02
4.400000e-01	4.600000e-01	3.662300e-01	1.819471e-02	1.819471e-02
4.600000e-01	4.800000e-01	3.111100e-01	1.545399e-02	1.545399e-02
4.800000e-01	5.000000e-01	2.650600e-01	1.515546e-02	1.515546e-02
5.000000e-01	5.200000e-01	2.096700e-01	1.131721e-02	1.131721e-02
5.200000e-01	5.400000e-01	1.722700e-01	1.054928e-02	1.054928e-02
5.400000e-01	5.600000e-01	1.248400e-01	1.385283e-02	1.385283e-02
5.600000e-01	5.800000e-01	8.532000e-02	9.065837e-03	9.065837e-03
5.800000e-01	6.000000e-01	5.172000e-02	6.117401e-03	6.117401e-03
6.000000e-01	6.200000e-01	2.430000e-02	5.235599e-03	5.235599e-03
6.200000e-01	6.400000e-01	1.126000e-02	2.619160e-03	2.619160e-03
6.400000e-01	6.600000e-01	2.910000e-03	7.569016e-04	7.569016e-04
6.600000e-01	6.800000e-01	3.300000e-04	1.097400e-01	1.097400e-01
6.800000e-01	7.000000e-01	2.000000e-05	7.440087e-03	7.440087e-03
# END HISTO1D

# BEGIN HISTO1D //media/adil/70aa4125-8ea2-43be-afcf-88b43c0b7507/adil/Work/QCD_events/Monash.yoda/ALEPH_2004_S5765862/d94-x01-y01
IsRef=1
LineColor=red
LineStyle=solid
LineWidth=1.3pt
Path=//media/adil/70aa4125-8ea2-43be-afcf-88b43c0b7507/adil/Work/QCD_events/Monash.yoda/ALEPH_2004_S5765862/d94-x01-y01
ScaledBy=4.99999999999999977e-07
Title=nominal
XLabel=
YLabel=
# xlow	 xhigh	 val	 errminus	 errplus
0.000000e+00	2.000000e-02	5.250000e-04	1.145644e-04	1.145644e-04
2.000000e-02	4.000000e-02	5.737500e-02	1.197654e-03	1.197654e-03
4.000000e-02	6.000000e-02	1.429850e+00	5.978817e-03	5.978817e-03
6.000000e-02	8.000000e-02	5.018175e+00	1.120064e-02	1.120064e-02
8.000000e-02	1.000000e-01	6.779075e+00	1.301833e-02	1.301833e-02
1.000000e-01	1.200000e-01	6.352475e+00	1.260206e-02	1.260206e-02
1.200000e-01	1.400000e-01	5.095225e+00	1.128630e-02	1.128630e-02
1.400000e-01	1.600000e-01	4.067975e+00	1.008461e-02	1.008461e-02
1.600000e-01	1.800000e-01	3.330975e+00	9.125479e-03	9.125479e-03
1.800000e-01	2.000000e-01	2.769775e+00	8.321321e-03	8.321321e-03
2.000000e-01	2.200000e-01	2.314150e+00	7.606165e-03	7.606165e-03
2.200000e-01	2.400000e-01	1.960275e+00	7.000491e-03	7.000491e-03
2.400000e-01	2.600000e-01	1.676850e+00	6.474662e-03	6.474662e-03
2.600000e-01	2.800000e-01	1.432725e+00	5.984825e-03	5.984825e-03
2.800000e-01	3.000000e-01	1.231700e+00	5.549099e-03	5.549099e-03
3.000000e-01	3.200000e-01	1.057425e+00	5.141559e-03	5.141559e-03
3.200000e-01	3.400000e-01	9.050500e-01	4.756706e-03	4.756706e-03
3.400000e-01	3.600000e-01	7.807000e-01	4.417861e-03	4.417861e-03
3.600000e-01	3.800000e-01	6.697500e-01	4.091913e-03	4.091913e-03
3.800000e-01	4.000000e-01	5.744250e-01	3.789542e-03	3.789542e-03
4.000000e-01	4.200000e-01	4.965250e-01	3.523227e-03	3.523227e-03
4.200000e-01	4.400000e-01	4.225500e-01	3.250192e-03	3.250192e-03
4.400000e-01	4.600000e-01	3.664750e-01	3.026859e-03	3.026859e-03
4.600000e-01	4.800000e-01	3.033750e-01	2.753974e-03	2.753974e-03
4.800000e-01	5.000000e-01	2.503250e-01	2.501624e-03	2.501624e-03
5.000000e-01	5.200000e-01	2.053000e-01	2.265502e-03	2.265502e-03
5.200000e-01	5.400000e-01	1.642250e-01	2.026234e-03	2.026234e-03
5.400000e-01	5.600000e-01	1.219500e-01	1.746067e-03	1.746067e-03
5.600000e-01	5.800000e-01	8.120000e-02	1.424781e-03	1.424781e-03
5.800000e-01	6.000000e-01	4.657500e-02	1.079062e-03	1.079062e-03
6.000000e-01	6.200000e-01	2.412500e-02	7.766112e-04	7.766112e-04
6.200000e-01	6.400000e-01	1.050000e-02	5.123475e-04	5.123475e-04
6.400000e-01	6.600000e-01	2.275000e-03	2.384848e-04	2.384848e-04
6.600000e-01	6.800000e-01	1.000000e-04	5.000000e-05	5.000000e-05
6.800000e-01	7.000000e-01	2.500000e-05	2.500000e-05	2.500000e-05
# END HISTO1D

# BEGIN HISTO1D //media/adil/70aa4125-8ea2-43be-afcf-88b43c0b7507/adil/Work/QCD_events/RhoDown.yoda/ALEPH_2004_S5765862/d94-x01-y01
IsRef=1
LineColor=red
LineStyle=dashed
LineWidth=1.3pt
Path=//media/adil/70aa4125-8ea2-43be-afcf-88b43c0b7507/adil/Work/QCD_events/RhoDown.yoda/ALEPH_2004_S5765862/d94-x01-y01
ScaledBy=4.99999999999999977e-07
Title=$\Delta\rho=-10\%$
XLabel=
YLabel=
# xlow	 xhigh	 val	 errminus	 errplus
0.000000e+00	2.000000e-02	2.000000e-04	7.071068e-05	7.071068e-05
2.000000e-02	4.000000e-02	5.975000e-02	1.222191e-03	1.222191e-03
4.000000e-02	6.000000e-02	1.428700e+00	5.976412e-03	5.976412e-03
6.000000e-02	8.000000e-02	5.014125e+00	1.119612e-02	1.119612e-02
8.000000e-02	1.000000e-01	6.819450e+00	1.305704e-02	1.305704e-02
1.000000e-01	1.200000e-01	6.363675e+00	1.261316e-02	1.261316e-02
1.200000e-01	1.400000e-01	5.101675e+00	1.129344e-02	1.129344e-02
1.400000e-01	1.600000e-01	4.066150e+00	1.008235e-02	1.008235e-02
1.600000e-01	1.800000e-01	3.315350e+00	9.104051e-03	9.104051e-03
1.800000e-01	2.000000e-01	2.751475e+00	8.293785e-03	8.293785e-03
2.000000e-01	2.200000e-01	2.312625e+00	7.603659e-03	7.603659e-03
2.200000e-01	2.400000e-01	1.952025e+00	6.985744e-03	6.985744e-03
2.400000e-01	2.600000e-01	1.664725e+00	6.451211e-03	6.451211e-03
2.600000e-01	2.800000e-01	1.430725e+00	5.980646e-03	5.980646e-03
2.800000e-01	3.000000e-01	1.222300e+00	5.527884e-03	5.527884e-03
3.000000e-01	3.200000e-01	1.054200e+00	5.133712e-03	5.133712e-03
3.200000e-01	3.400000e-01	9.063250e-01	4.760055e-03	4.760055e-03
3.400000e-01	3.600000e-01	7.771750e-01	4.407876e-03	4.407876e-03
3.600000e-01	3.800000e-01	6.734250e-01	4.103124e-03	4.103124e-03
3.800000e-01	4.000000e-01	5.839250e-01	3.820749e-03	3.820749e-03
4.000000e-01	4.200000e-01	5.018500e-01	3.542069e-03	3.542069e-03
4.200000e-01	4.400000e-01	4.201250e-01	3.240853e-03	3.240853e-03
4.400000e-01	4.600000e-01	3.619500e-01	3.008114e-03	3.008114e-03
4.600000e-01	4.800000e-01	3.059000e-01	2.765411e-03	2.765411e-03
4.800000e-01	5.000000e-01	2.545750e-01	2.522771e-03	2.522771e-03
5.000000e-01	5.200000e-01	2.089250e-01	2.285416e-03	2.285416e-03
5.200000e-01	5.400000e-01	1.607250e-01	2.004526e-03	2.004526e-03
5.400000e-01	5.600000e-01	1.218000e-01	1.744993e-03	1.744993e-03
5.600000e-01	5.800000e-01	8.202500e-02	1.432000e-03	1.432000e-03
5.800000e-01	6.000000e-01	4.790000e-02	1.094303e-03	1.094303e-03
6.000000e-01	6.200000e-01	2.332500e-02	7.636262e-04	7.636262e-04
6.200000e-01	6.400000e-01	1.015000e-02	5.037360e-04	5.037360e-04
6.400000e-01	6.600000e-01	2.475000e-03	2.487469e-04	2.487469e-04
6.600000e-01	6.800000e-01	2.750000e-04	8.291562e-05	8.291562e-05
6.800000e-01	7.000000e-01	0.000000e+00	0.000000e+00	0.000000e+00
# END HISTO1D

# BEGIN HISTO1D //media/adil/70aa4125-8ea2-43be-afcf-88b43c0b7507/adil/Work/QCD_events/RhoUp.yoda/ALEPH_2004_S5765862/d94-x01-y01
IsRef=1
LineColor=red
LineStyle=dotdashed
LineWidth=1.3pt
Path=//media/adil/70aa4125-8ea2-43be-afcf-88b43c0b7507/adil/Work/QCD_events/RhoUp.yoda/ALEPH_2004_S5765862/d94-x01-y01
ScaledBy=4.99999999999999977e-07
Title=$\Delta\rho=+10\%$
XLabel=
YLabel=
# xlow	 xhigh	 val	 errminus	 errplus
0.000000e+00	2.000000e-02	2.250000e-04	7.500000e-05	7.500000e-05
2.000000e-02	4.000000e-02	5.765000e-02	1.200521e-03	1.200521e-03
4.000000e-02	6.000000e-02	1.420100e+00	5.958397e-03	5.958397e-03
6.000000e-02	8.000000e-02	5.020150e+00	1.120285e-02	1.120285e-02
8.000000e-02	1.000000e-01	6.813575e+00	1.305141e-02	1.305141e-02
1.000000e-01	1.200000e-01	6.347450e+00	1.259707e-02	1.259707e-02
1.200000e-01	1.400000e-01	5.110325e+00	1.130301e-02	1.130301e-02
1.400000e-01	1.600000e-01	4.059300e+00	1.007385e-02	1.007385e-02
1.600000e-01	1.800000e-01	3.330850e+00	9.125308e-03	9.125308e-03
1.800000e-01	2.000000e-01	2.753975e+00	8.297552e-03	8.297552e-03
2.000000e-01	2.200000e-01	2.303975e+00	7.589425e-03	7.589425e-03
2.200000e-01	2.400000e-01	1.955550e+00	6.992049e-03	6.992049e-03
2.400000e-01	2.600000e-01	1.667775e+00	6.457118e-03	6.457118e-03
2.600000e-01	2.800000e-01	1.429525e+00	5.978137e-03	5.978137e-03
2.800000e-01	3.000000e-01	1.218500e+00	5.519284e-03	5.519284e-03
3.000000e-01	3.200000e-01	1.051575e+00	5.127317e-03	5.127317e-03
3.200000e-01	3.400000e-01	9.078250e-01	4.763993e-03	4.763993e-03
3.400000e-01	3.600000e-01	7.849500e-01	4.429870e-03	4.429870e-03
3.600000e-01	3.800000e-01	6.767750e-01	4.113317e-03	4.113317e-03
3.800000e-01	4.000000e-01	5.804250e-01	3.809281e-03	3.809281e-03
4.000000e-01	4.200000e-01	5.007750e-01	3.538273e-03	3.538273e-03
4.200000e-01	4.400000e-01	4.318250e-01	3.285670e-03	3.285670e-03
4.400000e-01	4.600000e-01	3.620500e-01	3.008530e-03	3.008530e-03
4.600000e-01	4.800000e-01	3.001000e-01	2.739069e-03	2.739069e-03
4.800000e-01	5.000000e-01	2.525750e-01	2.512842e-03	2.512842e-03
5.000000e-01	5.200000e-01	2.082750e-01	2.281858e-03	2.281858e-03
5.200000e-01	5.400000e-01	1.628000e-01	2.017424e-03	2.017424e-03
5.400000e-01	5.600000e-01	1.215250e-01	1.743022e-03	1.743022e-03
5.600000e-01	5.800000e-01	8.222500e-02	1.433745e-03	1.433745e-03
5.800000e-01	6.000000e-01	4.877500e-02	1.104253e-03	1.104253e-03
6.000000e-01	6.200000e-01	2.580000e-02	8.031189e-04	8.031189e-04
6.200000e-01	6.400000e-01	1.025000e-02	5.062114e-04	5.062114e-04
6.400000e-01	6.600000e-01	2.350000e-03	2.423840e-04	2.423840e-04
6.600000e-01	6.800000e-01	1.500000e-04	6.123724e-05	6.123724e-05
6.800000e-01	7.000000e-01	2.500000e-05	2.500000e-05	2.500000e-05
# END HISTO1D

# BEGIN HISTO1D //media/adil/70aa4125-8ea2-43be-afcf-88b43c0b7507/adil/Work/QCD_events/EtaDown.yoda/ALEPH_2004_S5765862/d94-x01-y01
IsRef=1
LineColor=blue
LineStyle=dashed
LineWidth=1.3pt
Path=//media/adil/70aa4125-8ea2-43be-afcf-88b43c0b7507/adil/Work/QCD_events/EtaDown.yoda/ALEPH_2004_S5765862/d94-x01-y01
ScaledBy=5.00000500000499952e-07
Title=$\Delta\eta=-10\%$
XLabel=
YLabel=
# xlow	 xhigh	 val	 errminus	 errplus
0.000000e+00	2.000000e-02	3.000003e-04	8.660263e-05	8.660263e-05
2.000000e-02	4.000000e-02	5.615005e-02	1.184801e-03	1.184801e-03
4.000000e-02	6.000000e-02	1.435027e+00	5.989633e-03	5.989633e-03
6.000000e-02	8.000000e-02	5.030555e+00	1.121445e-02	1.121445e-02
8.000000e-02	1.000000e-01	6.810180e+00	1.304817e-02	1.304817e-02
1.000000e-01	1.200000e-01	6.344605e+00	1.259426e-02	1.259426e-02
1.200000e-01	1.400000e-01	5.075305e+00	1.126422e-02	1.126422e-02
1.400000e-01	1.600000e-01	4.058554e+00	1.007293e-02	1.007293e-02
1.600000e-01	1.800000e-01	3.327804e+00	9.121139e-03	9.121139e-03
1.800000e-01	2.000000e-01	2.757003e+00	8.302117e-03	8.302117e-03
2.000000e-01	2.200000e-01	2.308353e+00	7.596636e-03	7.596636e-03
2.200000e-01	2.400000e-01	1.968552e+00	7.015258e-03	7.015258e-03
2.400000e-01	2.600000e-01	1.666151e+00	6.453977e-03	6.453977e-03
2.600000e-01	2.800000e-01	1.423726e+00	5.966004e-03	5.966004e-03
2.800000e-01	3.000000e-01	1.226376e+00	5.537095e-03	5.537095e-03
3.000000e-01	3.200000e-01	1.052251e+00	5.128967e-03	5.128967e-03
3.200000e-01	3.400000e-01	9.110010e-01	4.772321e-03	4.772321e-03
3.400000e-01	3.600000e-01	7.803010e-01	4.416734e-03	4.416734e-03
3.600000e-01	3.800000e-01	6.691005e-01	4.089931e-03	4.089931e-03
3.800000e-01	4.000000e-01	5.830505e-01	3.817889e-03	3.817889e-03
4.000000e-01	4.200000e-01	5.004005e-01	3.536951e-03	3.536951e-03
4.200000e-01	4.400000e-01	4.261504e-01	3.264012e-03	3.264012e-03
4.400000e-01	4.600000e-01	3.656253e-01	3.023350e-03	3.023350e-03
4.600000e-01	4.800000e-01	3.050753e-01	2.761682e-03	2.761682e-03
4.800000e-01	5.000000e-01	2.574002e-01	2.536733e-03	2.536733e-03
5.000000e-01	5.200000e-01	2.067002e-01	2.273216e-03	2.273216e-03
5.200000e-01	5.400000e-01	1.615501e-01	2.009666e-03	2.009666e-03
5.400000e-01	5.600000e-01	1.227501e-01	1.751786e-03	1.751786e-03
5.600000e-01	5.800000e-01	8.437510e-02	1.452370e-03	1.452370e-03
5.800000e-01	6.000000e-01	4.752505e-02	1.090013e-03	1.090013e-03
6.000000e-01	6.200000e-01	2.452502e-02	7.830238e-04	7.830238e-04
6.200000e-01	6.400000e-01	1.077501e-02	5.190140e-04	5.190140e-04
6.400000e-01	6.600000e-01	2.650002e-03	2.573910e-04	2.573910e-04
6.600000e-01	6.800000e-01	1.500001e-04	6.123730e-05	6.123730e-05
6.800000e-01	7.000000e-01	0.000000e+00	0.000000e+00	0.000000e+00
# END HISTO1D

# BEGIN HISTO1D //media/adil/70aa4125-8ea2-43be-afcf-88b43c0b7507/adil/Work/QCD_events/EtaUp.yoda/ALEPH_2004_S5765862/d94-x01-y01
IsRef=1
LineColor=blue
LineStyle=dotdashed
LineWidth=1.3pt$
Path=//media/adil/70aa4125-8ea2-43be-afcf-88b43c0b7507/adil/Work/QCD_events/EtaUp.yoda/ALEPH_2004_S5765862/d94-x01-y01
ScaledBy=4.99999999999999977e-07
Title=$\Delta\eta=+10\%$
XLabel=
YLabel=
# xlow	 xhigh	 val	 errminus	 errplus
0.000000e+00	2.000000e-02	2.500000e-04	7.905694e-05	7.905694e-05
2.000000e-02	4.000000e-02	5.900000e-02	1.214496e-03	1.214496e-03
4.000000e-02	6.000000e-02	1.408700e+00	5.934433e-03	5.934433e-03
6.000000e-02	8.000000e-02	5.022950e+00	1.120597e-02	1.120597e-02
8.000000e-02	1.000000e-01	6.808900e+00	1.304693e-02	1.304693e-02
1.000000e-01	1.200000e-01	6.381350e+00	1.263067e-02	1.263067e-02
1.200000e-01	1.400000e-01	5.088900e+00	1.127930e-02	1.127930e-02
1.400000e-01	1.600000e-01	4.065600e+00	1.008167e-02	1.008167e-02
1.600000e-01	1.800000e-01	3.322850e+00	9.114343e-03	9.114343e-03
1.800000e-01	2.000000e-01	2.759750e+00	8.306248e-03	8.306248e-03
2.000000e-01	2.200000e-01	2.320275e+00	7.616224e-03	7.616224e-03
2.200000e-01	2.400000e-01	1.957400e+00	6.995356e-03	6.995356e-03
2.400000e-01	2.600000e-01	1.658600e+00	6.439332e-03	6.439332e-03
2.600000e-01	2.800000e-01	1.425475e+00	5.969663e-03	5.969663e-03
2.800000e-01	3.000000e-01	1.229475e+00	5.544085e-03	5.544085e-03
3.000000e-01	3.200000e-01	1.046700e+00	5.115418e-03	5.115418e-03
3.200000e-01	3.400000e-01	9.142000e-01	4.780690e-03	4.780690e-03
3.400000e-01	3.600000e-01	7.801750e-01	4.416376e-03	4.416376e-03
3.600000e-01	3.800000e-01	6.773500e-01	4.115064e-03	4.115064e-03
3.800000e-01	4.000000e-01	5.760750e-01	3.794980e-03	3.794980e-03
4.000000e-01	4.200000e-01	4.925250e-01	3.509006e-03	3.509006e-03
4.200000e-01	4.400000e-01	4.279750e-01	3.270990e-03	3.270990e-03
4.400000e-01	4.600000e-01	3.633750e-01	3.014030e-03	3.014030e-03
4.600000e-01	4.800000e-01	3.029250e-01	2.751931e-03	2.751931e-03
4.800000e-01	5.000000e-01	2.492750e-01	2.496372e-03	2.496372e-03
5.000000e-01	5.200000e-01	2.071500e-01	2.275687e-03	2.275687e-03
5.200000e-01	5.400000e-01	1.613500e-01	2.008420e-03	2.008420e-03
5.400000e-01	5.600000e-01	1.233500e-01	1.756061e-03	1.756061e-03
5.600000e-01	5.800000e-01	8.172500e-02	1.429379e-03	1.429379e-03
5.800000e-01	6.000000e-01	4.860000e-02	1.102270e-03	1.102270e-03
6.000000e-01	6.200000e-01	2.457500e-02	7.838208e-04	7.838208e-04
6.200000e-01	6.400000e-01	1.022500e-02	5.055937e-04	5.055937e-04
6.400000e-01	6.600000e-01	2.625000e-03	2.561738e-04	2.561738e-04
6.600000e-01	6.800000e-01	3.250000e-04	9.013878e-05	9.013878e-05
6.800000e-01	7.000000e-01	2.500000e-05	2.500000e-05	2.500000e-05
# END HISTO1D

