# BEGIN PLOT
LegendOnly=/OPAL_1994_S2927284/d02-x01-y01 //media/adil/70aa4125-8ea2-43be-afcf-88b43c0b7507/adil/Work/QCD_events/Monash.yoda/OPAL_1994_S2927284/d02-x01-y01 //media/adil/70aa4125-8ea2-43be-afcf-88b43c0b7507/adil/Work/QCD_events/RhoDown.yoda/OPAL_1994_S2927284/d02-x01-y01 //media/adil/70aa4125-8ea2-43be-afcf-88b43c0b7507/adil/Work/QCD_events/RhoUp.yoda/OPAL_1994_S2927284/d02-x01-y01 //media/adil/70aa4125-8ea2-43be-afcf-88b43c0b7507/adil/Work/QCD_events/EtaDown.yoda/OPAL_1994_S2927284/d02-x01-y01 //media/adil/70aa4125-8ea2-43be-afcf-88b43c0b7507/adil/Work/QCD_events/EtaUp.yoda/OPAL_1994_S2927284/d02-x01-y01
DrawOnly=/OPAL_1994_S2927284/d02-x01-y01 //media/adil/70aa4125-8ea2-43be-afcf-88b43c0b7507/adil/Work/QCD_events/Monash.yoda/OPAL_1994_S2927284/d02-x01-y01 //media/adil/70aa4125-8ea2-43be-afcf-88b43c0b7507/adil/Work/QCD_events/RhoDown.yoda/OPAL_1994_S2927284/d02-x01-y01 //media/adil/70aa4125-8ea2-43be-afcf-88b43c0b7507/adil/Work/QCD_events/RhoUp.yoda/OPAL_1994_S2927284/d02-x01-y01 //media/adil/70aa4125-8ea2-43be-afcf-88b43c0b7507/adil/Work/QCD_events/EtaDown.yoda/OPAL_1994_S2927284/d02-x01-y01 //media/adil/70aa4125-8ea2-43be-afcf-88b43c0b7507/adil/Work/QCD_events/EtaUp.yoda/OPAL_1994_S2927284/d02-x01-y01
Title=$K^\pm$ momentum
RatioPlotReference=/OPAL_1994_S2927284/d02-x01-y01
RatioPlot=1
LogY=1
XLabel=$p$ [GeV]
YLabel=$1/\sigma \, \text{d}\sigma/\text{d}p$ [$\text{GeV}^-1$]
Legend=1
# END PLOT

# BEGIN HISTO1D /OPAL_1994_S2927284/d02-x01-y01
ConnectBins=0
ErrorBars=1
IsRef=1
Path=/OPAL_1994_S2927284/d02-x01-y01
PolyMarker=*
Title=Data
# xlow	 xhigh	 val	 errminus	 errplus
2.710000e-01	2.810000e-01	3.630000e-01	4.103657e-02	4.103657e-02
2.810000e-01	2.920000e-01	3.730000e-01	3.889730e-02	3.889730e-02
2.920000e-01	3.040000e-01	3.670000e-01	3.465545e-02	3.465545e-02
3.040000e-01	3.170000e-01	3.740000e-01	3.182766e-02	3.182766e-02
3.170000e-01	3.310000e-01	3.750000e-01	2.831960e-02	2.831960e-02
3.310000e-01	3.460000e-01	4.100000e-01	2.758623e-02	2.758623e-02
3.460000e-01	3.620000e-01	4.310000e-01	2.758623e-02	2.758623e-02
3.620000e-01	3.790000e-01	4.180000e-01	2.690725e-02	2.690725e-02
3.790000e-01	3.970000e-01	4.560000e-01	2.408319e-02	2.408319e-02
3.970000e-01	4.160000e-01	4.990000e-01	2.475884e-02	2.475884e-02
4.160000e-01	4.360000e-01	5.140000e-01	2.334524e-02	2.334524e-02
4.360000e-01	4.570000e-01	4.860000e-01	1.555635e-02	1.555635e-02
4.570000e-01	4.800000e-01	5.220000e-01	1.555635e-02	1.555635e-02
4.800000e-01	5.040000e-01	5.410000e-01	1.627882e-02	1.627882e-02
5.040000e-01	5.280000e-01	5.390000e-01	2.109502e-02	2.109502e-02
5.280000e-01	5.550000e-01	5.570000e-01	2.282542e-02	2.282542e-02
5.550000e-01	5.830000e-01	5.870000e-01	1.780449e-02	1.780449e-02
5.830000e-01	6.120000e-01	5.900000e-01	4.903060e-02	4.903060e-02
6.120000e-01	6.430000e-01	5.860000e-01	1.886796e-02	1.886796e-02
6.430000e-01	6.750000e-01	5.910000e-01	4.512206e-02	4.512206e-02
6.750000e-01	7.090000e-01	6.140000e-01	2.563201e-02	2.563201e-02
7.090000e-01	7.450000e-01	5.970000e-01	2.657066e-02	2.657066e-02
7.450000e-01	7.830000e-01	6.130000e-01	3.228002e-02	3.228002e-02
4.050000e+00	4.950000e+00	1.810000e-01	1.552417e-02	1.552417e-02
4.950000e+00	6.050000e+00	1.380000e-01	9.486833e-03	9.486833e-03
6.050000e+00	7.380000e+00	1.030000e-01	6.082763e-03	6.082763e-03
7.380000e+00	9.020000e+00	7.670000e-02	4.317407e-03	4.317407e-03
9.020000e+00	1.101000e+01	5.360000e-02	2.961419e-03	2.961419e-03
1.101000e+01	1.345000e+01	3.490000e-02	1.868154e-03	1.868154e-03
1.345000e+01	1.643000e+01	2.200000e-02	1.236932e-03	1.236932e-03
1.643000e+01	2.006000e+01	1.270000e-02	7.615773e-04	7.615773e-04
2.006000e+01	2.993000e+01	4.200000e-03	3.162278e-04	3.162278e-04
2.993000e+01	4.560000e+01	4.000000e-04	1.414214e-04	1.414214e-04
# END HISTO1D

# BEGIN HISTO1D //media/adil/70aa4125-8ea2-43be-afcf-88b43c0b7507/adil/Work/QCD_events/Monash.yoda/OPAL_1994_S2927284/d02-x01-y01
IsRef=1
LineColor=red
LineStyle=solid
LineWidth=1.3pt
Path=//media/adil/70aa4125-8ea2-43be-afcf-88b43c0b7507/adil/Work/QCD_events/Monash.yoda/OPAL_1994_S2927284/d02-x01-y01
ScaledBy=4.99999999999999977e-07
Title=nominal
XLabel=
YLabel=
# xlow	 xhigh	 val	 errminus	 errplus
2.710000e-01	2.810000e-01	3.347500e-01	4.091149e-03	4.091149e-03
2.810000e-01	2.920000e-01	3.634091e-01	4.064307e-03	4.064307e-03
2.920000e-01	3.040000e-01	3.760833e-01	3.958553e-03	3.958553e-03
3.040000e-01	3.170000e-01	3.943462e-01	3.894504e-03	3.894504e-03
3.170000e-01	3.310000e-01	4.172143e-01	3.860118e-03	3.860118e-03
3.310000e-01	3.460000e-01	4.350667e-01	3.808178e-03	3.808178e-03
3.460000e-01	3.620000e-01	4.559375e-01	3.774659e-03	3.774659e-03
3.620000e-01	3.790000e-01	4.734412e-01	3.731587e-03	3.731587e-03
3.790000e-01	3.970000e-01	4.985278e-01	3.721289e-03	3.721289e-03
3.970000e-01	4.160000e-01	5.229737e-01	3.709780e-03	3.709780e-03
4.160000e-01	4.360000e-01	5.350000e-01	3.657185e-03	3.657185e-03
4.360000e-01	4.570000e-01	5.650952e-01	3.668058e-03	3.668058e-03
4.570000e-01	4.800000e-01	5.855000e-01	3.567669e-03	3.567669e-03
4.800000e-01	5.040000e-01	5.956042e-01	3.522559e-03	3.522559e-03
5.040000e-01	5.280000e-01	6.082917e-01	3.559880e-03	3.559880e-03
5.280000e-01	5.550000e-01	6.168519e-01	3.379820e-03	3.379820e-03
5.550000e-01	5.830000e-01	6.282857e-01	3.349535e-03	3.349535e-03
5.830000e-01	6.120000e-01	6.504310e-01	3.348780e-03	3.348780e-03
6.120000e-01	6.430000e-01	6.492581e-01	3.236032e-03	3.236032e-03
6.430000e-01	6.750000e-01	6.511719e-01	3.189759e-03	3.189759e-03
6.750000e-01	7.090000e-01	6.547059e-01	3.102906e-03	3.102906e-03
7.090000e-01	7.450000e-01	6.538472e-01	3.013505e-03	3.013505e-03
7.450000e-01	7.830000e-01	6.436974e-01	2.910275e-03	2.910275e-03
4.050000e+00	4.950000e+00	1.580183e-01	2.962903e-04	2.962903e-04
4.950000e+00	6.050000e+00	1.223841e-01	2.358583e-04	2.358583e-04
6.050000e+00	7.380000e+00	9.248421e-02	1.864631e-04	1.864631e-04
7.380000e+00	9.020000e+00	6.765671e-02	1.436212e-04	1.436212e-04
9.020000e+00	1.101000e+01	4.753693e-02	1.092884e-04	1.092884e-04
1.101000e+01	1.345000e+01	3.160041e-02	8.047045e-05	8.047045e-05
1.345000e+01	1.643000e+01	1.977601e-02	5.760314e-05	5.760314e-05
1.643000e+01	2.006000e+01	1.151997e-02	3.983432e-05	3.983432e-05
2.006000e+01	2.993000e+01	4.294681e-03	1.475000e-05	1.475000e-05
2.993000e+01	4.560000e+01	5.222719e-04	4.082243e-06	4.082243e-06
# END HISTO1D

# BEGIN HISTO1D //media/adil/70aa4125-8ea2-43be-afcf-88b43c0b7507/adil/Work/QCD_events/RhoDown.yoda/OPAL_1994_S2927284/d02-x01-y01
IsRef=1
LineColor=red
LineStyle=dashed
LineWidth=1.3pt
Path=//media/adil/70aa4125-8ea2-43be-afcf-88b43c0b7507/adil/Work/QCD_events/RhoDown.yoda/OPAL_1994_S2927284/d02-x01-y01
ScaledBy=4.99999999999999977e-07
Title=$\Delta\rho=-10\%$
XLabel=
YLabel=
# xlow	 xhigh	 val	 errminus	 errplus
2.710000e-01	2.810000e-01	3.359500e-01	4.098475e-03	4.098475e-03
2.810000e-01	2.920000e-01	3.581818e-01	4.034971e-03	4.034971e-03
2.920000e-01	3.040000e-01	3.796250e-01	3.977148e-03	3.977148e-03
3.040000e-01	3.170000e-01	3.984231e-01	3.914584e-03	3.914584e-03
3.170000e-01	3.310000e-01	4.210357e-01	3.877756e-03	3.877756e-03
3.310000e-01	3.460000e-01	4.351000e-01	3.808324e-03	3.808324e-03
3.460000e-01	3.620000e-01	4.563750e-01	3.776469e-03	3.776469e-03
3.620000e-01	3.790000e-01	4.859412e-01	3.780527e-03	3.780527e-03
3.790000e-01	3.970000e-01	5.047500e-01	3.744440e-03	3.744440e-03
3.970000e-01	4.160000e-01	5.252895e-01	3.717984e-03	3.717984e-03
4.160000e-01	4.360000e-01	5.458750e-01	3.694168e-03	3.694168e-03
4.360000e-01	4.570000e-01	5.604762e-01	3.653036e-03	3.653036e-03
4.570000e-01	4.800000e-01	5.828261e-01	3.559513e-03	3.559513e-03
4.800000e-01	5.040000e-01	5.999375e-01	3.535350e-03	3.535350e-03
5.040000e-01	5.280000e-01	6.215000e-01	3.598321e-03	3.598321e-03
5.280000e-01	5.550000e-01	6.328519e-01	3.423372e-03	3.423372e-03
5.550000e-01	5.830000e-01	6.365893e-01	3.371597e-03	3.371597e-03
5.830000e-01	6.120000e-01	6.485000e-01	3.343805e-03	3.343805e-03
6.120000e-01	6.430000e-01	6.539194e-01	3.247628e-03	3.247628e-03
6.430000e-01	6.750000e-01	6.533594e-01	3.195112e-03	3.195112e-03
6.750000e-01	7.090000e-01	6.544412e-01	3.102279e-03	3.102279e-03
7.090000e-01	7.450000e-01	6.534722e-01	3.012641e-03	3.012641e-03
7.450000e-01	7.830000e-01	6.542895e-01	2.934122e-03	2.934122e-03
4.050000e+00	4.950000e+00	1.577794e-01	2.960663e-04	2.960663e-04
4.950000e+00	6.050000e+00	1.232636e-01	2.367043e-04	2.367043e-04
6.050000e+00	7.380000e+00	9.307669e-02	1.870594e-04	1.870594e-04
7.380000e+00	9.020000e+00	6.760427e-02	1.435655e-04	1.435655e-04
9.020000e+00	1.101000e+01	4.749925e-02	1.092451e-04	1.092451e-04
1.101000e+01	1.345000e+01	3.170430e-02	8.060263e-05	8.060263e-05
1.345000e+01	1.643000e+01	1.974228e-02	5.755400e-05	5.755400e-05
1.643000e+01	2.006000e+01	1.156336e-02	3.990926e-05	3.990926e-05
2.006000e+01	2.993000e+01	4.282776e-03	1.472954e-05	1.472954e-05
2.993000e+01	4.560000e+01	5.209317e-04	4.077002e-06	4.077002e-06
# END HISTO1D

# BEGIN HISTO1D //media/adil/70aa4125-8ea2-43be-afcf-88b43c0b7507/adil/Work/QCD_events/RhoUp.yoda/OPAL_1994_S2927284/d02-x01-y01
IsRef=1
LineColor=red
LineStyle=dotdashed
LineWidth=1.3pt
Path=//media/adil/70aa4125-8ea2-43be-afcf-88b43c0b7507/adil/Work/QCD_events/RhoUp.yoda/OPAL_1994_S2927284/d02-x01-y01
ScaledBy=4.99999999999999977e-07
Title=$\Delta\rho=+10\%$
XLabel=
YLabel=
# xlow	 xhigh	 val	 errminus	 errplus
2.710000e-01	2.810000e-01	3.329500e-01	4.080135e-03	4.080135e-03
2.810000e-01	2.920000e-01	3.567727e-01	4.027026e-03	4.027026e-03
2.920000e-01	3.040000e-01	3.739583e-01	3.947353e-03	3.947353e-03
3.040000e-01	3.170000e-01	3.900000e-01	3.872983e-03	3.872983e-03
3.170000e-01	3.310000e-01	4.086429e-01	3.820260e-03	3.820260e-03
3.310000e-01	3.460000e-01	4.351667e-01	3.808616e-03	3.808616e-03
3.460000e-01	3.620000e-01	4.579687e-01	3.783057e-03	3.783057e-03
3.620000e-01	3.790000e-01	4.768529e-01	3.745008e-03	3.745008e-03
3.790000e-01	3.970000e-01	4.938056e-01	3.703623e-03	3.703623e-03
3.970000e-01	4.160000e-01	5.169474e-01	3.688344e-03	3.688344e-03
4.160000e-01	4.360000e-01	5.383750e-01	3.668702e-03	3.668702e-03
4.360000e-01	4.570000e-01	5.508810e-01	3.621631e-03	3.621631e-03
4.570000e-01	4.800000e-01	5.716957e-01	3.525360e-03	3.525360e-03
4.800000e-01	5.040000e-01	5.896667e-01	3.504957e-03	3.504957e-03
5.040000e-01	5.280000e-01	6.062917e-01	3.554023e-03	3.554023e-03
5.280000e-01	5.550000e-01	6.162593e-01	3.378196e-03	3.378196e-03
5.550000e-01	5.830000e-01	6.284286e-01	3.349916e-03	3.349916e-03
5.830000e-01	6.120000e-01	6.416724e-01	3.326157e-03	3.326157e-03
6.120000e-01	6.430000e-01	6.428548e-01	3.220035e-03	3.220035e-03
6.430000e-01	6.750000e-01	6.492656e-01	3.185086e-03	3.185086e-03
6.750000e-01	7.090000e-01	6.478382e-01	3.086589e-03	3.086589e-03
7.090000e-01	7.450000e-01	6.459722e-01	2.995302e-03	2.995302e-03
7.450000e-01	7.830000e-01	6.431842e-01	2.909115e-03	2.909115e-03
4.050000e+00	4.950000e+00	1.565183e-01	2.948807e-04	2.948807e-04
4.950000e+00	6.050000e+00	1.218432e-01	2.353365e-04	2.353365e-04
6.050000e+00	7.380000e+00	9.234436e-02	1.863221e-04	1.863221e-04
7.380000e+00	9.020000e+00	6.750915e-02	1.434645e-04	1.434645e-04
9.020000e+00	1.101000e+01	4.725804e-02	1.089673e-04	1.089673e-04
1.101000e+01	1.345000e+01	3.146148e-02	8.029336e-05	8.029336e-05
1.345000e+01	1.643000e+01	1.961946e-02	5.737470e-05	5.737470e-05
1.643000e+01	2.006000e+01	1.146391e-02	3.973728e-05	3.973728e-05
2.006000e+01	2.993000e+01	4.295491e-03	1.475139e-05	1.475139e-05
2.993000e+01	4.560000e+01	5.149968e-04	4.053711e-06	4.053711e-06
# END HISTO1D

# BEGIN HISTO1D //media/adil/70aa4125-8ea2-43be-afcf-88b43c0b7507/adil/Work/QCD_events/EtaDown.yoda/OPAL_1994_S2927284/d02-x01-y01
IsRef=1
LineColor=blue
LineStyle=dashed
LineWidth=1.3pt
Path=//media/adil/70aa4125-8ea2-43be-afcf-88b43c0b7507/adil/Work/QCD_events/EtaDown.yoda/OPAL_1994_S2927284/d02-x01-y01
ScaledBy=5.00000500000499952e-07
Title=$\Delta\eta=-10\%$
XLabel=
YLabel=
# xlow	 xhigh	 val	 errminus	 errplus
2.710000e-01	2.810000e-01	3.375003e-01	4.107923e-03	4.107923e-03
2.810000e-01	2.920000e-01	3.609095e-01	4.050308e-03	4.050308e-03
2.920000e-01	3.040000e-01	3.665837e-01	3.908239e-03	3.908239e-03
3.040000e-01	3.170000e-01	3.968850e-01	3.907022e-03	3.907022e-03
3.170000e-01	3.310000e-01	4.059647e-01	3.807723e-03	3.807723e-03
3.310000e-01	3.460000e-01	4.372005e-01	3.817508e-03	3.817508e-03
3.460000e-01	3.620000e-01	4.571567e-01	3.779704e-03	3.779704e-03
3.620000e-01	3.790000e-01	4.768828e-01	3.745127e-03	3.745127e-03
3.790000e-01	3.970000e-01	4.984727e-01	3.721086e-03	3.721086e-03
3.970000e-01	4.160000e-01	5.213953e-01	3.704179e-03	3.704179e-03
4.160000e-01	4.360000e-01	5.432755e-01	3.685363e-03	3.685363e-03
4.360000e-01	4.570000e-01	5.639529e-01	3.664351e-03	3.664351e-03
4.570000e-01	4.800000e-01	5.819570e-01	3.556860e-03	3.556860e-03
4.800000e-01	5.040000e-01	5.978337e-01	3.529148e-03	3.529148e-03
5.040000e-01	5.280000e-01	6.167712e-01	3.584609e-03	3.584609e-03
5.280000e-01	5.550000e-01	6.197785e-01	3.387830e-03	3.387830e-03
5.550000e-01	5.830000e-01	6.350543e-01	3.367531e-03	3.367531e-03
5.830000e-01	6.120000e-01	6.465352e-01	3.338738e-03	3.338738e-03
6.120000e-01	6.430000e-01	6.478394e-01	3.232496e-03	3.232496e-03
6.430000e-01	6.750000e-01	6.509225e-01	3.189149e-03	3.189149e-03
6.750000e-01	7.090000e-01	6.568094e-01	3.107888e-03	3.107888e-03
7.090000e-01	7.450000e-01	6.527506e-01	3.010978e-03	3.010978e-03
7.450000e-01	7.830000e-01	6.471321e-01	2.918031e-03	2.918031e-03
4.050000e+00	4.950000e+00	1.578462e-01	2.961291e-04	2.961291e-04
4.950000e+00	6.050000e+00	1.226319e-01	2.360971e-04	2.360971e-04
6.050000e+00	7.380000e+00	9.294970e-02	1.869319e-04	1.869319e-04
7.380000e+00	9.020000e+00	6.794579e-02	1.439278e-04	1.439278e-04
9.020000e+00	1.101000e+01	4.748271e-02	1.092261e-04	1.092261e-04
1.101000e+01	1.345000e+01	3.156417e-02	8.042434e-05	8.042434e-05
1.345000e+01	1.643000e+01	1.981965e-02	5.766670e-05	5.766670e-05
1.643000e+01	2.006000e+01	1.147604e-02	3.975832e-05	3.975832e-05
2.006000e+01	2.993000e+01	4.280804e-03	1.472615e-05	1.472615e-05
2.993000e+01	4.560000e+01	5.209003e-04	4.076881e-06	4.076881e-06
# END HISTO1D

# BEGIN HISTO1D //media/adil/70aa4125-8ea2-43be-afcf-88b43c0b7507/adil/Work/QCD_events/EtaUp.yoda/OPAL_1994_S2927284/d02-x01-y01
IsRef=1
LineColor=blue
LineStyle=dotdashed
LineWidth=1.3pt$
Path=//media/adil/70aa4125-8ea2-43be-afcf-88b43c0b7507/adil/Work/QCD_events/EtaUp.yoda/OPAL_1994_S2927284/d02-x01-y01
ScaledBy=4.99999999999999977e-07
Title=$\Delta\eta=+10\%$
XLabel=
YLabel=
# xlow	 xhigh	 val	 errminus	 errplus
2.710000e-01	2.810000e-01	3.353500e-01	4.094814e-03	4.094814e-03
2.810000e-01	2.920000e-01	3.622727e-01	4.057948e-03	4.057948e-03
2.920000e-01	3.040000e-01	3.760417e-01	3.958333e-03	3.958333e-03
3.040000e-01	3.170000e-01	3.843462e-01	3.844807e-03	3.844807e-03
3.170000e-01	3.310000e-01	4.121071e-01	3.836419e-03	3.836419e-03
3.310000e-01	3.460000e-01	4.280667e-01	3.777418e-03	3.777418e-03
3.460000e-01	3.620000e-01	4.508125e-01	3.753384e-03	3.753384e-03
3.620000e-01	3.790000e-01	4.717353e-01	3.724858e-03	3.724858e-03
3.790000e-01	3.970000e-01	5.007222e-01	3.729471e-03	3.729471e-03
3.970000e-01	4.160000e-01	5.188684e-01	3.695190e-03	3.695190e-03
4.160000e-01	4.360000e-01	5.377750e-01	3.666657e-03	3.666657e-03
4.360000e-01	4.570000e-01	5.616905e-01	3.656991e-03	3.656991e-03
4.570000e-01	4.800000e-01	5.742174e-01	3.533127e-03	3.533127e-03
4.800000e-01	5.040000e-01	5.948750e-01	3.520402e-03	3.520402e-03
5.040000e-01	5.280000e-01	6.072292e-01	3.556769e-03	3.556769e-03
5.280000e-01	5.550000e-01	6.163704e-01	3.378501e-03	3.378501e-03
5.550000e-01	5.830000e-01	6.343036e-01	3.365539e-03	3.365539e-03
5.830000e-01	6.120000e-01	6.422414e-01	3.327631e-03	3.327631e-03
6.120000e-01	6.430000e-01	6.472903e-01	3.231125e-03	3.231125e-03
6.430000e-01	6.750000e-01	6.455937e-01	3.176067e-03	3.176067e-03
6.750000e-01	7.090000e-01	6.462647e-01	3.082838e-03	3.082838e-03
7.090000e-01	7.450000e-01	6.451111e-01	2.993305e-03	2.993305e-03
7.450000e-01	7.830000e-01	6.442632e-01	2.911554e-03	2.911554e-03
4.050000e+00	4.950000e+00	1.577472e-01	2.960361e-04	2.960361e-04
4.950000e+00	6.050000e+00	1.216764e-01	2.351753e-04	2.351753e-04
6.050000e+00	7.380000e+00	9.235489e-02	1.863327e-04	1.863327e-04
7.380000e+00	9.020000e+00	6.757957e-02	1.435393e-04	1.435393e-04
9.020000e+00	1.101000e+01	4.733367e-02	1.090545e-04	1.090545e-04
1.101000e+01	1.345000e+01	3.142008e-02	8.024052e-05	8.024052e-05
1.345000e+01	1.643000e+01	1.984094e-02	5.769763e-05	5.769763e-05
1.643000e+01	2.006000e+01	1.153444e-02	3.985932e-05	3.985932e-05
2.006000e+01	2.993000e+01	4.280395e-03	1.472544e-05	1.472544e-05
2.993000e+01	4.560000e+01	5.154116e-04	4.055343e-06	4.055343e-06
# END HISTO1D

