# BEGIN PLOT
LegendOnly=/OPAL_1998_S3749908/d02-x01-y01 //media/adil/70aa4125-8ea2-43be-afcf-88b43c0b7507/adil/Work/QCD_DM@LEP/New_plots/T1.yoda/OPAL_1998_S3749908/d02-x01-y01 //media/adil/70aa4125-8ea2-43be-afcf-88b43c0b7507/adil/Work/QCD_DM@LEP/New_plots/T2.yoda/OPAL_1998_S3749908/d02-x01-y01 /T10.yoda/OPAL_1998_S3749908/d02-x01-y01
DrawOnly=/OPAL_1998_S3749908/d02-x01-y01 //media/adil/70aa4125-8ea2-43be-afcf-88b43c0b7507/adil/Work/QCD_DM@LEP/New_plots/T1.yoda/OPAL_1998_S3749908/d02-x01-y01 //media/adil/70aa4125-8ea2-43be-afcf-88b43c0b7507/adil/Work/QCD_DM@LEP/New_plots/T2.yoda/OPAL_1998_S3749908/d02-x01-y01 /T10.yoda/OPAL_1998_S3749908/d02-x01-y01
Title=Photon scaled momentum
RatioPlotReference=/OPAL_1998_S3749908/d02-x01-y01
RatioPlot=0
LogY=1
XLabel=$x_E$
YLabel=$1/\sigma \, \text{d}\sigma/\text{d}x_E$
Legend=1
GofType=chi2
GofReference=/OPAL_1998_S3749908/d02-x01-y01
GofLegend=1
PlotSize=10,8
RatioPlot1=1
RatioPlot1DrawOnly=/OPAL_1998_S3749908/d02-x01-y01 //media/adil/70aa4125-8ea2-43be-afcf-88b43c0b7507/adil/Work/QCD_DM@LEP/New_plots/T1.yoda/OPAL_1998_S3749908/d02-x01-y01
RatioPlot1DrawReferenceFirst=0
RatioPlot1Reference=/OPAL_1998_S3749908/d02-x01-y01
RatioPlot1SameStyle=1
RatioPlot1YLabel=MC/data
RatioPlot1YMajorTickMarks=20
RatioPlot1YMax=1.4999
RatioPlot1YMin=0.5001
RatioPlot1YSize=3
RatioPlot2=1
RatioPlot2DrawOnly=/OPAL_1998_S3749908/d02-x01-y01 //media/adil/70aa4125-8ea2-43be-afcf-88b43c0b7507/adil/Work/QCD_DM@LEP/New_plots/T2.yoda/OPAL_1998_S3749908/d02-x01-y01
RatioPlot2DrawReferenceFirst=0
RatioPlot2Reference=/OPAL_1998_S3749908/d02-x01-y01
RatioPlot2SameStyle=1
RatioPlot2YLabel=MC/data
RatioPlot2YMajorTickMarks=20
RatioPlot2YMax=1.4999
RatioPlot2YMin=0.5001
RatioPlot2YSize=3
RatioPlot3=1
RatioPlot3DrawOnly=/OPAL_1998_S3749908/d02-x01-y01 /T10.yoda/OPAL_1998_S3749908/d02-x01-y01
RatioPlot3DrawReferenceFirst=0
RatioPlot3Reference=/OPAL_1998_S3749908/d02-x01-y01
RatioPlot3SameStyle=1
RatioPlot3YLabel=MC/data
RatioPlot3YMajorTickMarks=20
RatioPlot3YMax=1.4999
RatioPlot3YMin=0.5001
RatioPlot3YSize=3
# END PLOT

# BEGIN HISTO1D /OPAL_1998_S3749908/d02-x01-y01
ConnectBins=0
ErrorBars=1
IsRef=1
Path=/OPAL_1998_S3749908/d02-x01-y01
PolyMarker=*
Title=Data
# xlow	 xhigh	 val	 errminus	 errplus
3.000000e-03	4.000000e-03	1.309000e+03	3.302560e+02	3.302560e+02
4.000000e-03	7.000000e-03	9.860000e+02	7.802564e+01	7.802564e+01
7.000000e-03	9.000000e-03	7.490000e+02	3.401470e+01	3.401470e+01
9.000000e-03	1.100000e-02	6.130000e+02	2.801785e+01	2.801785e+01
1.100000e-02	1.300000e-02	5.080000e+02	2.302173e+01	2.302173e+01
1.300000e-02	1.600000e-02	4.040000e+02	1.603122e+01	1.603122e+01
1.600000e-02	2.000000e-02	3.030000e+02	1.104536e+01	1.104536e+01
2.000000e-02	2.500000e-02	2.250000e+02	9.055385e+00	9.055385e+00
2.500000e-02	3.000000e-02	1.670000e+02	7.071068e+00	7.071068e+00
3.000000e-02	3.500000e-02	1.310000e+02	5.099020e+00	5.099020e+00
3.500000e-02	4.000000e-02	1.030000e+02	4.123106e+00	4.123106e+00
4.000000e-02	5.000000e-02	7.690000e+01	2.807134e+00	2.807134e+00
5.000000e-02	6.000000e-02	5.340000e+01	2.009975e+00	2.009975e+00
6.000000e-02	7.000000e-02	3.920000e+01	1.414214e+00	1.414214e+00
7.000000e-02	8.500000e-02	2.810000e+01	1.004988e+00	1.004988e+00
8.500000e-02	1.000000e-01	1.960000e+01	8.062258e-01	8.062258e-01
1.000000e-01	1.250000e-01	1.300000e+01	5.099020e-01	5.099020e-01
1.250000e-01	1.500000e-01	8.040000e+00	3.535534e-01	3.535534e-01
1.500000e-01	2.000000e-01	4.500000e+00	2.617250e-01	2.617250e-01
2.000000e-01	3.000000e-01	1.710000e+00	1.910497e-01	1.910497e-01
3.000000e-01	4.000000e-01	5.070000e-01	8.757283e-02	8.757283e-02
4.000000e-01	5.000000e-01	1.840000e-01	3.832754e-02	3.832754e-02
5.000000e-01	6.000000e-01	6.500000e-02	1.118034e-02	1.118034e-02
6.000000e-01	8.000000e-01	1.700000e-02	2.236068e-03	2.236068e-03
8.000000e-01	1.000000e+00	2.300000e-03	1.044031e-03	1.044031e-03
# END HISTO1D

# BEGIN HISTO1D //media/adil/70aa4125-8ea2-43be-afcf-88b43c0b7507/adil/Work/QCD_DM@LEP/New_plots/T1.yoda/OPAL_1998_S3749908/d02-x01-y01
ErrorBandColor=red
ErrorBandOpacity=0.2
ErrorBandStyle=hlines
ErrorBands=1
ErrorTubeLineColor=red!80!black
ErrorTubeLineStyle=solid
ErrorTubes=1
ErrorType=env
LineColor=red!80!black
LineStyle=solid
LineWidth=1.5pt
Path=//media/adil/70aa4125-8ea2-43be-afcf-88b43c0b7507/adil/Work/QCD_DM@LEP/New_plots/T1.yoda/OPAL_1998_S3749908/d02-x01-y01
Title=\texttt{T1}
# xlow	 xhigh	 val	 errminus	 errplus
3.000000e-03	4.000000e-03	1.281727e+03	6.582500e+01	6.909600e+01
4.000000e-03	7.000000e-03	1.011113e+03	4.760630e+01	4.981300e+01
7.000000e-03	9.000000e-03	7.590864e+02	3.210530e+01	3.346550e+01
9.000000e-03	1.100000e-02	6.183527e+02	2.404700e+01	2.493060e+01
1.100000e-02	1.300000e-02	5.105762e+02	1.819730e+01	1.877330e+01
1.300000e-02	1.600000e-02	4.079577e+02	1.341150e+01	1.379910e+01
1.600000e-02	2.000000e-02	3.102267e+02	9.591300e+00	9.782100e+00
2.000000e-02	2.500000e-02	2.306798e+02	6.281000e+00	6.331500e+00
2.500000e-02	3.000000e-02	1.729678e+02	4.110300e+00	4.087200e+00
3.000000e-02	3.500000e-02	1.341776e+02	2.779500e+00	2.735200e+00
3.500000e-02	4.000000e-02	1.068598e+02	1.917900e+00	1.863500e+00
4.000000e-02	5.000000e-02	7.935475e+01	1.167350e+00	1.107580e+00
5.000000e-02	6.000000e-02	5.563486e+01	5.985800e-01	5.438200e-01
6.000000e-02	7.000000e-02	4.078216e+01	2.913200e-01	2.398500e-01
7.000000e-02	8.500000e-02	2.904297e+01	8.480000e-02	4.212000e-02
8.500000e-02	1.000000e-01	2.011574e+01	7.207000e-02	3.787000e-02
1.000000e-01	1.250000e-01	1.316616e+01	1.265800e-01	1.020000e-01
1.250000e-01	1.500000e-01	8.176920e+00	1.420820e-01	1.258430e-01
1.500000e-01	2.000000e-01	4.489037e+00	1.257830e-01	1.175560e-01
2.000000e-01	3.000000e-01	1.654264e+00	8.005500e-02	7.862000e-02
3.000000e-01	4.000000e-01	4.939348e-01	3.916300e-02	4.045570e-02
4.000000e-01	5.000000e-01	1.674866e-01	1.859230e-02	2.009550e-02
5.000000e-01	6.000000e-01	6.026565e-02	8.455040e-03	9.554550e-03
6.000000e-01	8.000000e-01	1.529883e-02	2.369200e-03	2.885960e-03
8.000000e-01	1.000000e+00	2.379556e-03	1.564730e-04	2.263780e-04
# END HISTO1D

# BEGIN HISTO1D //media/adil/70aa4125-8ea2-43be-afcf-88b43c0b7507/adil/Work/QCD_DM@LEP/New_plots/T2.yoda/OPAL_1998_S3749908/d02-x01-y01
ErrorBandColor=blue!30!white
ErrorBandOpacity=0.4
ErrorBandStyle=hlines
ErrorBands=1
ErrorTubeLineColor=blue!50!white
ErrorTubes=1
ErrorType=env
LineColor=blue!80!black
LineStyle=solid
LineWidth=1.5pt
Path=//media/adil/70aa4125-8ea2-43be-afcf-88b43c0b7507/adil/Work/QCD_DM@LEP/New_plots/T2.yoda/OPAL_1998_S3749908/d02-x01-y01
Title=\texttt{T2}
# xlow	 xhigh	 val	 errminus	 errplus
3.000000e-03	4.000000e-03	1.273091e+03	5.375400e+01	8.863400e+01
4.000000e-03	7.000000e-03	1.002061e+03	4.111230e+01	6.081800e+01
7.000000e-03	9.000000e-03	7.507831e+02	2.750740e+01	4.002480e+01
9.000000e-03	1.100000e-02	6.111312e+02	2.009710e+01	2.967460e+01
1.100000e-02	1.300000e-02	5.046182e+02	1.496560e+01	2.223920e+01
1.300000e-02	1.600000e-02	4.030392e+02	1.035100e+01	1.670300e+01
1.600000e-02	2.000000e-02	3.061279e+02	6.077100e+00	1.286450e+01
2.000000e-02	2.500000e-02	2.277371e+02	3.327800e+00	8.812100e+00
2.500000e-02	3.000000e-02	1.708868e+02	1.778400e+00	5.980600e+00
3.000000e-02	3.500000e-02	1.326790e+02	9.762000e-01	4.168000e+00
3.500000e-02	4.000000e-02	1.057598e+02	5.339000e-01	2.947800e+00
4.000000e-02	5.000000e-02	7.862168e+01	1.972400e-01	1.835110e+00
5.000000e-02	6.000000e-02	5.519611e+01	0.000000e+00	9.924700e-01
6.000000e-02	7.000000e-02	4.051815e+01	0.000000e+00	5.081300e-01
7.000000e-02	8.500000e-02	2.890327e+01	0.000000e+00	1.844600e-01
8.500000e-02	1.000000e-01	2.005838e+01	1.585000e-02	1.581400e-01
1.000000e-01	1.250000e-01	1.316089e+01	1.214300e-01	1.465600e-01
1.250000e-01	1.500000e-01	8.200900e+00	1.626840e-01	1.209730e-01
1.500000e-01	2.000000e-01	4.522562e+00	1.548090e-01	9.139600e-02
2.000000e-01	3.000000e-01	1.680328e+00	1.015510e-01	5.182400e-02
3.000000e-01	4.000000e-01	5.076373e-01	5.067140e-02	2.399090e-02
4.000000e-01	5.000000e-01	1.742180e-01	2.462670e-02	1.100160e-02
5.000000e-01	6.000000e-01	6.341606e-02	1.156471e-02	4.805910e-03
6.000000e-01	8.000000e-01	1.620960e-02	3.311680e-03	1.350510e-03
8.000000e-01	1.000000e+00	2.440622e-03	2.023020e-04	1.140380e-04
# END HISTO1D


# BEGIN HISTO1D /T10.yoda/OPAL_1998_S3749908/d02-x01-y01
Title=\texttt{T3}
ErrorBandColor=yellow
ErrorBandOpacity=0.1
ErrorBands=1
ErrorTubeLineColor=yellow!50!black
ErrorTubeLineStyle=solid
ErrorTubes=1
ErrorType=env
LegendOrder=15
LineColor=yellow!50!black
LineStyle=dashdotted
LineWidth=1.5pt
Path=/T10.yoda/OPAL_1998_S3749908/d02-x01-y01
# xlow	 xhigh	 val	 errminus	 errplus
3.000000e-03	4.000000e-03	1.209862e+03	0.000000e+00	6.223700e+01
4.000000e-03	7.000000e-03	9.594543e+02	0.000000e+00	4.530000e+01
7.000000e-03	9.000000e-03	7.262500e+02	1.963000e+00	2.877850e+01
9.000000e-03	1.100000e-02	5.933825e+02	2.154000e+00	2.117400e+01
1.100000e-02	1.300000e-02	4.926065e+02	2.991250e+00	1.498950e+01
1.300000e-02	1.600000e-02	3.946403e+02	2.041000e+00	1.055933e+01
1.600000e-02	2.000000e-02	2.997420e+02	2.050500e+00	7.387750e+00
2.000000e-02	2.500000e-02	2.236552e+02	1.618400e+00	4.650400e+00
2.500000e-02	3.000000e-02	1.686382e+02	1.627800e+00	2.454200e+00
3.000000e-02	3.500000e-02	1.313154e+02	1.148500e+00	1.526800e+00
3.500000e-02	4.000000e-02	1.051007e+02	9.843000e-01	1.012700e+00
4.000000e-02	5.000000e-02	7.834645e+01	7.881000e-01	5.863500e-01
5.000000e-02	6.000000e-02	5.511200e+01	4.523500e-01	3.212000e-01
6.000000e-02	7.000000e-02	4.063445e+01	3.410500e-01	1.372500e-01
7.000000e-02	8.500000e-02	2.909667e+01	2.680667e-01	0.000000e+00
8.500000e-02	1.000000e-01	2.024753e+01	1.733667e-01	0.000000e+00
1.000000e-01	1.250000e-01	1.332592e+01	1.081800e-01	0.000000e+00
1.250000e-01	1.500000e-01	8.364660e+00	1.657800e-01	0.000000e+00
1.500000e-01	2.000000e-01	4.612110e+00	9.599000e-02	4.620000e-03
2.000000e-01	3.000000e-01	1.713365e+00	6.133500e-02	2.580000e-02
3.000000e-01	4.000000e-01	5.109350e-01	3.395000e-02	1.370000e-02
4.000000e-01	5.000000e-01	1.682250e-01	1.573000e-02	6.495000e-03
5.000000e-01	6.000000e-01	5.657000e-02	4.850000e-03	3.285000e-03
6.000000e-01	8.000000e-01	1.175500e-02	1.395000e-03	8.425000e-04
8.000000e-01	1.000000e+00	4.900000e-04	2.500000e-05	7.000000e-05
# END HISTO1D


