# BEGIN PLOT
LegendOnly=/L3_2004_I652683/d48-x01-y02 //media/adil/70aa4125-8ea2-43be-afcf-88b43c0b7507/adil/Work/QCD_events/Monash.yoda/L3_2004_I652683/d48-x01-y02 //media/adil/70aa4125-8ea2-43be-afcf-88b43c0b7507/adil/Work/QCD_events/RhoDown.yoda/L3_2004_I652683/d48-x01-y02 //media/adil/70aa4125-8ea2-43be-afcf-88b43c0b7507/adil/Work/QCD_events/RhoUp.yoda/L3_2004_I652683/d48-x01-y02 //media/adil/70aa4125-8ea2-43be-afcf-88b43c0b7507/adil/Work/QCD_events/EtaDown.yoda/L3_2004_I652683/d48-x01-y02 //media/adil/70aa4125-8ea2-43be-afcf-88b43c0b7507/adil/Work/QCD_events/EtaUp.yoda/L3_2004_I652683/d48-x01-y02
XLabel=$\rho_H$
RatioPlotReference=/L3_2004_I652683/d48-x01-y02
YLabel=$1/\sigma \mathrm{d}\sigma/\mathrm{d}\rho_H$
DrawOnly=/L3_2004_I652683/d48-x01-y02 //media/adil/70aa4125-8ea2-43be-afcf-88b43c0b7507/adil/Work/QCD_events/Monash.yoda/L3_2004_I652683/d48-x01-y02 //media/adil/70aa4125-8ea2-43be-afcf-88b43c0b7507/adil/Work/QCD_events/RhoDown.yoda/L3_2004_I652683/d48-x01-y02 //media/adil/70aa4125-8ea2-43be-afcf-88b43c0b7507/adil/Work/QCD_events/RhoUp.yoda/L3_2004_I652683/d48-x01-y02 //media/adil/70aa4125-8ea2-43be-afcf-88b43c0b7507/adil/Work/QCD_events/EtaDown.yoda/L3_2004_I652683/d48-x01-y02 //media/adil/70aa4125-8ea2-43be-afcf-88b43c0b7507/adil/Work/QCD_events/EtaUp.yoda/L3_2004_I652683/d48-x01-y02
RatioPlot=1
Title=Heavy jet mass, b events
Legend=1
LogY=1
# END PLOT

# BEGIN HISTO1D /L3_2004_I652683/d48-x01-y02
ConnectBins=0
ErrorBars=1
Path=/L3_2004_I652683/d48-x01-y02
PolyMarker=*
Title=Data
# xlow	 xhigh	 val	 errminus	 errplus
0.000000e+00	1.500000e-02	6.126000e+00	1.722846e-01	1.722846e-01
1.500000e-02	3.000000e-02	2.236300e+01	8.727084e-01	8.727084e-01
3.000000e-02	4.500000e-02	1.194500e+01	5.636896e-01	5.636896e-01
4.500000e-02	6.000000e-02	7.214000e+00	2.212691e-01	2.212691e-01
6.000000e-02	7.500000e-02	4.824000e+00	1.252517e-01	1.252517e-01
7.500000e-02	9.000000e-02	3.508000e+00	9.442987e-02	9.442987e-02
9.000000e-02	1.050000e-01	2.478000e+00	6.935416e-02	6.935416e-02
1.050000e-01	1.200000e-01	1.950000e+00	5.916925e-02	5.916925e-02
1.200000e-01	1.350000e-01	1.422000e+00	4.301163e-02	4.301163e-02
1.350000e-01	1.500000e-01	1.196000e+00	3.764306e-02	3.764306e-02
1.500000e-01	1.650000e-01	8.660000e-01	2.973214e-02	2.973214e-02
1.650000e-01	1.800000e-01	7.270000e-01	2.545584e-02	2.545584e-02
1.800000e-01	1.950000e-01	5.640000e-01	2.202272e-02	2.202272e-02
1.950000e-01	2.100000e-01	4.240000e-01	1.720465e-02	1.720465e-02
2.100000e-01	2.250000e-01	3.390000e-01	1.526434e-02	1.526434e-02
2.250000e-01	2.400000e-01	2.350000e-01	1.166190e-02	1.166190e-02
2.400000e-01	2.550000e-01	1.920000e-01	1.029563e-02	1.029563e-02
2.550000e-01	2.700000e-01	1.310000e-01	8.062258e-03	8.062258e-03
2.700000e-01	2.850000e-01	1.080000e-01	1.063015e-02	1.063015e-02
2.850000e-01	3.000000e-01	5.500000e-02	4.472136e-03	4.472136e-03
# END HISTO1D

# BEGIN HISTO1D //media/adil/70aa4125-8ea2-43be-afcf-88b43c0b7507/adil/Work/QCD_events/Monash.yoda/L3_2004_I652683/d48-x01-y02
LineColor=red
LineStyle=solid
LineWidth=1.3pt
Path=//media/adil/70aa4125-8ea2-43be-afcf-88b43c0b7507/adil/Work/QCD_events/Monash.yoda/L3_2004_I652683/d48-x01-y02
ScaledBy=2.30018838542876651e-06
Title=nominal
XLabel=
YLabel=
# xlow	 xhigh	 val	 errminus	 errplus
0.000000e+00	1.500000e-02	5.147055e+00	2.809412e-02	2.809412e-02
1.500000e-02	3.000000e-02	2.147609e+01	5.738703e-02	5.738703e-02
3.000000e-02	4.500000e-02	1.300327e+01	4.465421e-02	4.465421e-02
4.500000e-02	6.000000e-02	7.648433e+00	3.424699e-02	3.424699e-02
6.000000e-02	7.500000e-02	5.047533e+00	2.782119e-02	2.782119e-02
7.500000e-02	9.000000e-02	3.568052e+00	2.339116e-02	2.339116e-02
9.000000e-02	1.050000e-01	2.569924e+00	1.985163e-02	1.985163e-02
1.050000e-01	1.200000e-01	1.929245e+00	1.720005e-02	1.720005e-02
1.200000e-01	1.350000e-01	1.484848e+00	1.508958e-02	1.508958e-02
1.350000e-01	1.500000e-01	1.124025e+00	1.312877e-02	1.312877e-02
1.500000e-01	1.650000e-01	8.800520e-01	1.161690e-02	1.161690e-02
1.650000e-01	1.800000e-01	6.799360e-01	1.021104e-02	1.021104e-02
1.800000e-01	1.950000e-01	5.535787e-01	9.213524e-03	9.213524e-03
1.950000e-01	2.100000e-01	4.312087e-01	8.131672e-03	8.131672e-03
2.100000e-01	2.250000e-01	3.402745e-01	7.223551e-03	7.223551e-03
2.250000e-01	2.400000e-01	2.508739e-01	6.202458e-03	6.202458e-03
2.400000e-01	2.550000e-01	1.972028e-01	5.499113e-03	5.499113e-03
2.550000e-01	2.700000e-01	1.340243e-01	4.533440e-03	4.533440e-03
2.700000e-01	2.850000e-01	9.032073e-02	3.721601e-03	3.721601e-03
2.850000e-01	3.000000e-01	5.689133e-02	2.953651e-03	2.953651e-03
# END HISTO1D

# BEGIN HISTO1D //media/adil/70aa4125-8ea2-43be-afcf-88b43c0b7507/adil/Work/QCD_events/RhoDown.yoda/L3_2004_I652683/d48-x01-y02
LineColor=red
LineStyle=dashed
LineWidth=1.3pt
Path=//media/adil/70aa4125-8ea2-43be-afcf-88b43c0b7507/adil/Work/QCD_events/RhoDown.yoda/L3_2004_I652683/d48-x01-y02
ScaledBy=2.29646436346600784e-06
Title=$\Delta\rho=-10\%$
XLabel=
YLabel=
# xlow	 xhigh	 val	 errminus	 errplus
0.000000e+00	1.500000e-02	5.212821e+00	2.825014e-02	2.825014e-02
1.500000e-02	3.000000e-02	2.151450e+01	5.739180e-02	5.739180e-02
3.000000e-02	4.500000e-02	1.294701e+01	4.452141e-02	4.452141e-02
4.500000e-02	6.000000e-02	7.648147e+00	3.421860e-02	3.421860e-02
6.000000e-02	7.500000e-02	5.067225e+00	2.785283e-02	2.785283e-02
7.500000e-02	9.000000e-02	3.508232e+00	2.317546e-02	2.317546e-02
9.000000e-02	1.050000e-01	2.596229e+00	1.993681e-02	1.993681e-02
1.050000e-01	1.200000e-01	1.907597e+00	1.708943e-02	1.708943e-02
1.200000e-01	1.350000e-01	1.440649e+00	1.485126e-02	1.485126e-02
1.350000e-01	1.500000e-01	1.151753e+00	1.327896e-02	1.327896e-02
1.500000e-01	1.650000e-01	8.867413e-01	1.165152e-02	1.165152e-02
1.650000e-01	1.800000e-01	7.022587e-01	1.036890e-02	1.036890e-02
1.800000e-01	1.950000e-01	5.297178e-01	9.005472e-03	9.005472e-03
1.950000e-01	2.100000e-01	4.369406e-01	8.178911e-03	8.178911e-03
2.100000e-01	2.250000e-01	3.288537e-01	7.095542e-03	7.095542e-03
2.250000e-01	2.400000e-01	2.504677e-01	6.192416e-03	6.192416e-03
2.400000e-01	2.550000e-01	1.974959e-01	5.498742e-03	5.498742e-03
2.550000e-01	2.700000e-01	1.391657e-01	4.615836e-03	4.615836e-03
2.700000e-01	2.850000e-01	9.537980e-02	3.821312e-03	3.821312e-03
2.850000e-01	3.000000e-01	5.695231e-02	2.952840e-03	2.952840e-03
# END HISTO1D

# BEGIN HISTO1D //media/adil/70aa4125-8ea2-43be-afcf-88b43c0b7507/adil/Work/QCD_events/RhoUp.yoda/L3_2004_I652683/d48-x01-y02
LineColor=red
LineStyle=dotdashed
LineWidth=1.3pt
Path=//media/adil/70aa4125-8ea2-43be-afcf-88b43c0b7507/adil/Work/QCD_events/RhoUp.yoda/L3_2004_I652683/d48-x01-y02
ScaledBy=2.29607944434877460e-06
Title=$\Delta\rho=+10\%$
XLabel=
YLabel=
# xlow	 xhigh	 val	 errminus	 errplus
0.000000e+00	1.500000e-02	5.146585e+00	2.806774e-02	2.806774e-02
1.500000e-02	3.000000e-02	2.155299e+01	5.743830e-02	5.743830e-02
3.000000e-02	4.500000e-02	1.295923e+01	4.453868e-02	4.453868e-02
4.500000e-02	6.000000e-02	7.696307e+00	3.432329e-02	3.432329e-02
6.000000e-02	7.500000e-02	5.012647e+00	2.770011e-02	2.770011e-02
7.500000e-02	9.000000e-02	3.501981e+00	2.315286e-02	2.315286e-02
9.000000e-02	1.050000e-01	2.567935e+00	1.982622e-02	1.982622e-02
1.050000e-01	1.200000e-01	1.932993e+00	1.720137e-02	1.720137e-02
1.200000e-01	1.350000e-01	1.450969e+00	1.490311e-02	1.490311e-02
1.350000e-01	1.500000e-01	1.157989e+00	1.331374e-02	1.331374e-02
1.500000e-01	1.650000e-01	8.859807e-01	1.164555e-02	1.164555e-02
1.650000e-01	1.800000e-01	6.866807e-01	1.025239e-02	1.025239e-02
1.800000e-01	1.950000e-01	5.467731e-01	9.148532e-03	9.148532e-03
1.950000e-01	2.100000e-01	4.224786e-01	8.041744e-03	8.041744e-03
2.100000e-01	2.250000e-01	3.356868e-01	7.168279e-03	7.168279e-03
2.250000e-01	2.400000e-01	2.554771e-01	6.253510e-03	6.253510e-03
2.400000e-01	2.550000e-01	1.916461e-01	5.416239e-03	5.416239e-03
2.550000e-01	2.700000e-01	1.420508e-01	4.663045e-03	4.663045e-03
2.700000e-01	2.850000e-01	1.014867e-01	3.941417e-03	3.941417e-03
2.850000e-01	3.000000e-01	6.383101e-02	3.125818e-03	3.125818e-03
# END HISTO1D

# BEGIN HISTO1D //media/adil/70aa4125-8ea2-43be-afcf-88b43c0b7507/adil/Work/QCD_events/EtaDown.yoda/L3_2004_I652683/d48-x01-y02
LineColor=blue
LineStyle=dashed
LineWidth=1.3pt
Path=//media/adil/70aa4125-8ea2-43be-afcf-88b43c0b7507/adil/Work/QCD_events/EtaDown.yoda/L3_2004_I652683/d48-x01-y02
ScaledBy=2.29500446378368191e-06
Title=$\Delta\eta=-10\%$
XLabel=
YLabel=
# xlow	 xhigh	 val	 errminus	 errplus
0.000000e+00	1.500000e-02	5.166667e+00	2.811586e-02	2.811586e-02
1.500000e-02	3.000000e-02	2.146854e+01	5.731224e-02	5.731224e-02
3.000000e-02	4.500000e-02	1.293755e+01	4.449100e-02	4.449100e-02
4.500000e-02	6.000000e-02	7.699280e+00	3.432189e-02	3.432189e-02
6.000000e-02	7.500000e-02	5.032486e+00	2.774837e-02	2.774837e-02
7.500000e-02	9.000000e-02	3.547159e+00	2.329628e-02	2.329628e-02
9.000000e-02	1.050000e-01	2.572547e+00	1.983937e-02	1.983937e-02
1.050000e-01	1.200000e-01	1.928110e+00	1.717560e-02	1.717560e-02
1.200000e-01	1.350000e-01	1.477065e+00	1.503301e-02	1.503301e-02
1.350000e-01	1.500000e-01	1.134038e+00	1.317225e-02	1.317225e-02
1.500000e-01	1.650000e-01	8.717960e-01	1.154924e-02	1.154924e-02
1.650000e-01	1.800000e-01	6.914087e-01	1.028522e-02	1.028522e-02
1.800000e-01	1.950000e-01	5.521781e-01	9.191486e-03	9.191486e-03
1.950000e-01	2.100000e-01	4.400289e-01	8.205153e-03	8.205153e-03
2.100000e-01	2.250000e-01	3.431797e-01	7.246142e-03	7.246142e-03
2.250000e-01	2.400000e-01	2.530625e-01	6.222430e-03	6.222430e-03
2.400000e-01	2.550000e-01	1.969114e-01	5.488853e-03	5.488853e-03
2.550000e-01	2.700000e-01	1.462683e-01	4.730654e-03	4.730654e-03
2.700000e-01	2.850000e-01	9.945020e-02	3.900758e-03	3.900758e-03
2.850000e-01	3.000000e-01	6.150612e-02	3.067646e-03	3.067646e-03
# END HISTO1D

# BEGIN HISTO1D //media/adil/70aa4125-8ea2-43be-afcf-88b43c0b7507/adil/Work/QCD_events/EtaUp.yoda/L3_2004_I652683/d48-x01-y02
LineColor=blue
LineStyle=dotdashed
LineWidth=1.3pt$
Path=//media/adil/70aa4125-8ea2-43be-afcf-88b43c0b7507/adil/Work/QCD_events/EtaUp.yoda/L3_2004_I652683/d48-x01-y02
ScaledBy=2.29789443932524615e-06
Title=$\Delta\eta=+10\%$
XLabel=
YLabel=
# xlow	 xhigh	 val	 errminus	 errplus
0.000000e+00	1.500000e-02	5.158467e+00	2.811122e-02	2.811122e-02
1.500000e-02	3.000000e-02	2.158075e+01	5.749800e-02	5.749800e-02
3.000000e-02	4.500000e-02	1.297713e+01	4.458705e-02	4.458705e-02
4.500000e-02	6.000000e-02	7.650453e+00	3.423443e-02	3.423443e-02
6.000000e-02	7.500000e-02	5.026414e+00	2.774907e-02	2.774907e-02
7.500000e-02	9.000000e-02	3.509497e+00	2.318685e-02	2.318685e-02
9.000000e-02	1.050000e-01	2.571957e+00	1.984958e-02	1.984958e-02
1.050000e-01	1.200000e-01	1.933601e+00	1.721087e-02	1.721087e-02
1.200000e-01	1.350000e-01	1.431588e+00	1.480909e-02	1.480909e-02
1.350000e-01	1.500000e-01	1.130564e+00	1.316034e-02	1.316034e-02
1.500000e-01	1.650000e-01	8.837700e-01	1.163561e-02	1.163561e-02
1.650000e-01	1.800000e-01	6.959553e-01	1.032548e-02	1.032548e-02
1.800000e-01	1.950000e-01	5.462861e-01	9.148071e-03	9.148071e-03
1.950000e-01	2.100000e-01	4.281743e-01	8.098968e-03	8.098968e-03
2.100000e-01	2.250000e-01	3.256883e-01	7.063509e-03	7.063509e-03
2.250000e-01	2.400000e-01	2.714579e-01	6.448678e-03	6.448678e-03
2.400000e-01	2.550000e-01	1.924103e-01	5.429172e-03	5.429172e-03
2.550000e-01	2.700000e-01	1.545717e-01	4.866138e-03	4.866138e-03
2.700000e-01	2.850000e-01	9.252853e-02	3.764934e-03	3.764934e-03
2.850000e-01	3.000000e-01	6.035803e-02	3.040794e-03	3.040794e-03
# END HISTO1D

