# BEGIN PLOT
LegendOnly=/L3_2004_I652683/d50-x01-y02 //media/adil/70aa4125-8ea2-43be-afcf-88b43c0b7507/adil/Work/QCD_events/Monash.yoda/L3_2004_I652683/d50-x01-y02 //media/adil/70aa4125-8ea2-43be-afcf-88b43c0b7507/adil/Work/QCD_events/RhoDown.yoda/L3_2004_I652683/d50-x01-y02 //media/adil/70aa4125-8ea2-43be-afcf-88b43c0b7507/adil/Work/QCD_events/RhoUp.yoda/L3_2004_I652683/d50-x01-y02 //media/adil/70aa4125-8ea2-43be-afcf-88b43c0b7507/adil/Work/QCD_events/EtaDown.yoda/L3_2004_I652683/d50-x01-y02 //media/adil/70aa4125-8ea2-43be-afcf-88b43c0b7507/adil/Work/QCD_events/EtaUp.yoda/L3_2004_I652683/d50-x01-y02
XLabel=$B_W$
RatioPlotReference=/L3_2004_I652683/d50-x01-y02
YLabel=$1/\sigma \mathrm{d}\sigma/\mathrm{d}B_W$
DrawOnly=/L3_2004_I652683/d50-x01-y02 //media/adil/70aa4125-8ea2-43be-afcf-88b43c0b7507/adil/Work/QCD_events/Monash.yoda/L3_2004_I652683/d50-x01-y02 //media/adil/70aa4125-8ea2-43be-afcf-88b43c0b7507/adil/Work/QCD_events/RhoDown.yoda/L3_2004_I652683/d50-x01-y02 //media/adil/70aa4125-8ea2-43be-afcf-88b43c0b7507/adil/Work/QCD_events/RhoUp.yoda/L3_2004_I652683/d50-x01-y02 //media/adil/70aa4125-8ea2-43be-afcf-88b43c0b7507/adil/Work/QCD_events/EtaDown.yoda/L3_2004_I652683/d50-x01-y02 //media/adil/70aa4125-8ea2-43be-afcf-88b43c0b7507/adil/Work/QCD_events/EtaUp.yoda/L3_2004_I652683/d50-x01-y02
RatioPlot=1
Title=Wide jet broadening, b events
Legend=1
LogY=1
# END PLOT

# BEGIN HISTO1D /L3_2004_I652683/d50-x01-y02
ConnectBins=0
ErrorBars=1
Path=/L3_2004_I652683/d50-x01-y02
PolyMarker=*
Title=Data
# xlow	 xhigh	 val	 errminus	 errplus
0.000000e+00	1.500000e-02	0.000000e+00	0.000000e+00	0.000000e+00
1.500000e-02	3.000000e-02	1.734000e+00	8.448077e-02	8.448077e-02
3.000000e-02	4.500000e-02	1.977900e+01	8.219939e-01	8.219939e-01
4.500000e-02	6.000000e-02	1.223900e+01	4.456602e-01	4.456602e-01
6.000000e-02	7.500000e-02	8.451000e+00	1.629264e-01	1.629264e-01
7.500000e-02	9.000000e-02	5.951000e+00	1.175457e-01	1.175457e-01
9.000000e-02	1.050000e-01	4.538000e+00	9.213577e-02	9.213577e-02
1.050000e-01	1.200000e-01	3.433000e+00	7.256032e-02	7.256032e-02
1.200000e-01	1.350000e-01	2.745000e+00	5.990826e-02	5.990826e-02
1.350000e-01	1.500000e-01	1.993000e+00	4.640043e-02	4.640043e-02
1.500000e-01	1.650000e-01	1.639000e+00	3.969887e-02	3.969887e-02
1.650000e-01	1.800000e-01	1.278000e+00	3.252691e-02	3.252691e-02
1.800000e-01	1.950000e-01	9.330000e-01	2.549510e-02	2.549510e-02
1.950000e-01	2.100000e-01	7.440000e-01	2.280351e-02	2.280351e-02
2.100000e-01	2.250000e-01	5.160000e-01	1.843909e-02	1.843909e-02
2.250000e-01	2.400000e-01	3.470000e-01	1.500000e-02	1.500000e-02
2.400000e-01	2.550000e-01	2.250000e-01	1.204159e-02	1.204159e-02
2.550000e-01	2.700000e-01	1.000000e-01	6.403124e-03	6.403124e-03
2.700000e-01	2.850000e-01	1.900000e-02	2.236068e-03	2.236068e-03
2.850000e-01	3.000000e-01	1.000000e-03	1.000000e-03	1.000000e-03
# END HISTO1D

# BEGIN HISTO1D //media/adil/70aa4125-8ea2-43be-afcf-88b43c0b7507/adil/Work/QCD_events/Monash.yoda/L3_2004_I652683/d50-x01-y02
LineColor=red
LineStyle=solid
LineWidth=1.3pt
Path=//media/adil/70aa4125-8ea2-43be-afcf-88b43c0b7507/adil/Work/QCD_events/Monash.yoda/L3_2004_I652683/d50-x01-y02
ScaledBy=2.30018838542876651e-06
Title=nominal
XLabel=
YLabel=
# xlow	 xhigh	 val	 errminus	 errplus
0.000000e+00	1.500000e-02	0.000000e+00	0.000000e+00	0.000000e+00
1.500000e-02	3.000000e-02	1.886155e+00	1.700688e-02	1.700688e-02
3.000000e-02	4.500000e-02	1.798257e+01	5.251240e-02	5.251240e-02
4.500000e-02	6.000000e-02	1.351177e+01	4.551894e-02	4.551894e-02
6.000000e-02	7.500000e-02	8.723080e+00	3.657388e-02	3.657388e-02
7.500000e-02	9.000000e-02	6.192414e+00	3.081528e-02	3.081528e-02
9.000000e-02	1.050000e-01	4.611571e+00	2.659258e-02	2.659258e-02
1.050000e-01	1.200000e-01	3.445222e+00	2.298501e-02	2.298501e-02
1.200000e-01	1.350000e-01	2.662238e+00	2.020503e-02	2.020503e-02
1.350000e-01	1.500000e-01	2.023859e+00	1.761677e-02	1.761677e-02
1.500000e-01	1.650000e-01	1.584370e+00	1.558706e-02	1.558706e-02
1.650000e-01	1.800000e-01	1.219100e+00	1.367274e-02	1.367274e-02
1.800000e-01	1.950000e-01	9.197687e-01	1.187614e-02	1.187614e-02
1.950000e-01	2.100000e-01	7.112180e-01	1.044329e-02	1.044329e-02
2.100000e-01	2.250000e-01	5.147821e-01	8.884804e-03	8.884804e-03
2.250000e-01	2.400000e-01	3.553024e-01	7.381340e-03	7.381340e-03
2.400000e-01	2.550000e-01	2.048701e-01	5.604997e-03	5.604997e-03
2.550000e-01	2.700000e-01	9.614787e-02	3.839776e-03	3.839776e-03
2.700000e-01	2.850000e-01	2.162177e-02	1.820882e-03	1.820882e-03
2.850000e-01	3.000000e-01	4.600377e-04	2.656029e-04	2.656029e-04
# END HISTO1D

# BEGIN HISTO1D //media/adil/70aa4125-8ea2-43be-afcf-88b43c0b7507/adil/Work/QCD_events/RhoDown.yoda/L3_2004_I652683/d50-x01-y02
LineColor=red
LineStyle=dashed
LineWidth=1.3pt
Path=//media/adil/70aa4125-8ea2-43be-afcf-88b43c0b7507/adil/Work/QCD_events/RhoDown.yoda/L3_2004_I652683/d50-x01-y02
ScaledBy=2.29646436346600784e-06
Title=$\Delta\rho=-10\%$
XLabel=
YLabel=
# xlow	 xhigh	 val	 errminus	 errplus
0.000000e+00	1.500000e-02	0.000000e+00	0.000000e+00	0.000000e+00
1.500000e-02	3.000000e-02	1.872384e+00	1.693096e-02	1.693096e-02
3.000000e-02	4.500000e-02	1.812109e+01	5.267159e-02	5.267159e-02
4.500000e-02	6.000000e-02	1.349847e+01	4.545968e-02	4.545968e-02
6.000000e-02	7.500000e-02	8.724880e+00	3.654803e-02	3.654803e-02
7.500000e-02	9.000000e-02	6.118699e+00	3.060651e-02	3.060651e-02
9.000000e-02	1.050000e-01	4.609923e+00	2.656629e-02	2.656629e-02
1.050000e-01	1.200000e-01	3.424487e+00	2.289718e-02	2.289718e-02
1.200000e-01	1.350000e-01	2.648283e+00	2.013568e-02	2.013568e-02
1.350000e-01	1.500000e-01	2.020735e+00	1.758891e-02	1.758891e-02
1.500000e-01	1.650000e-01	1.588081e+00	1.559267e-02	1.559267e-02
1.650000e-01	1.800000e-01	1.214371e+00	1.363515e-02	1.363515e-02
1.800000e-01	1.950000e-01	9.444593e-01	1.202474e-02	1.202474e-02
1.950000e-01	2.100000e-01	6.938387e-01	1.030655e-02	1.030655e-02
2.100000e-01	2.250000e-01	5.125709e-01	8.858520e-03	8.858520e-03
2.250000e-01	2.400000e-01	3.470723e-01	7.289441e-03	7.289441e-03
2.400000e-01	2.550000e-01	2.072942e-01	5.633493e-03	5.633493e-03
2.550000e-01	2.700000e-01	9.844180e-02	3.882164e-03	3.882164e-03
2.700000e-01	2.850000e-01	2.036199e-02	1.765608e-03	1.765608e-03
2.850000e-01	3.000000e-01	1.071683e-03	4.050582e-04	4.050582e-04
# END HISTO1D

# BEGIN HISTO1D //media/adil/70aa4125-8ea2-43be-afcf-88b43c0b7507/adil/Work/QCD_events/RhoUp.yoda/L3_2004_I652683/d50-x01-y02
LineColor=red
LineStyle=dotdashed
LineWidth=1.3pt
Path=//media/adil/70aa4125-8ea2-43be-afcf-88b43c0b7507/adil/Work/QCD_events/RhoUp.yoda/L3_2004_I652683/d50-x01-y02
ScaledBy=2.29607944434877460e-06
Title=$\Delta\rho=+10\%$
XLabel=
YLabel=
# xlow	 xhigh	 val	 errminus	 errplus
0.000000e+00	1.500000e-02	0.000000e+00	0.000000e+00	0.000000e+00
1.500000e-02	3.000000e-02	1.844977e+00	1.680518e-02	1.680518e-02
3.000000e-02	4.500000e-02	1.805193e+01	5.256657e-02	5.256657e-02
4.500000e-02	6.000000e-02	1.353508e+01	4.551749e-02	4.551749e-02
6.000000e-02	7.500000e-02	8.736120e+00	3.656850e-02	3.656850e-02
7.500000e-02	9.000000e-02	6.200792e+00	3.080856e-02	3.080856e-02
9.000000e-02	1.050000e-01	4.534910e+00	2.634706e-02	2.634706e-02
1.050000e-01	1.200000e-01	3.432027e+00	2.292045e-02	2.292045e-02
1.200000e-01	1.350000e-01	2.629470e+00	2.006236e-02	2.006236e-02
1.350000e-01	1.500000e-01	2.053307e+00	1.772861e-02	1.772861e-02
1.500000e-01	1.650000e-01	1.571284e+00	1.550869e-02	1.550869e-02
1.650000e-01	1.800000e-01	1.257639e+00	1.387477e-02	1.387477e-02
1.800000e-01	1.950000e-01	9.248607e-01	1.189833e-02	1.189833e-02
1.950000e-01	2.100000e-01	6.862213e-01	1.024897e-02	1.024897e-02
2.100000e-01	2.250000e-01	5.045252e-01	8.787984e-03	8.787984e-03
2.250000e-01	2.400000e-01	3.473203e-01	7.291432e-03	7.291432e-03
2.400000e-01	2.550000e-01	2.280772e-01	5.908657e-03	5.908657e-03
2.550000e-01	2.700000e-01	1.033236e-01	3.976926e-03	3.976926e-03
2.700000e-01	2.850000e-01	2.342001e-02	1.893396e-03	1.893396e-03
2.850000e-01	3.000000e-01	1.377647e-03	4.592159e-04	4.592159e-04
# END HISTO1D

# BEGIN HISTO1D //media/adil/70aa4125-8ea2-43be-afcf-88b43c0b7507/adil/Work/QCD_events/EtaDown.yoda/L3_2004_I652683/d50-x01-y02
LineColor=blue
LineStyle=dashed
LineWidth=1.3pt
Path=//media/adil/70aa4125-8ea2-43be-afcf-88b43c0b7507/adil/Work/QCD_events/EtaDown.yoda/L3_2004_I652683/d50-x01-y02
ScaledBy=2.29500446378368191e-06
Title=$\Delta\eta=-10\%$
XLabel=
YLabel=
# xlow	 xhigh	 val	 errminus	 errplus
0.000000e+00	1.500000e-02	0.000000e+00	0.000000e+00	0.000000e+00
1.500000e-02	3.000000e-02	1.865991e+00	1.689667e-02	1.689667e-02
3.000000e-02	4.500000e-02	1.807178e+01	5.258315e-02	5.258315e-02
4.500000e-02	6.000000e-02	1.342807e+01	4.532658e-02	4.532658e-02
6.000000e-02	7.500000e-02	8.749013e+00	3.658691e-02	3.658691e-02
7.500000e-02	9.000000e-02	6.176010e+00	3.073974e-02	3.073974e-02
9.000000e-02	1.050000e-01	4.568895e+00	2.643941e-02	2.643941e-02
1.050000e-01	1.200000e-01	3.446791e+00	2.296432e-02	2.296432e-02
1.200000e-01	1.350000e-01	2.636960e+00	2.008621e-02	2.008621e-02
1.350000e-01	1.500000e-01	2.051122e+00	1.771503e-02	1.771503e-02
1.500000e-01	1.650000e-01	1.585542e+00	1.557525e-02	1.557525e-02
1.650000e-01	1.800000e-01	1.221401e+00	1.367021e-02	1.367021e-02
1.800000e-01	1.950000e-01	9.328427e-01	1.194677e-02	1.194677e-02
1.950000e-01	2.100000e-01	7.119107e-01	1.043659e-02	1.043659e-02
2.100000e-01	2.250000e-01	5.280040e-01	8.988034e-03	8.988034e-03
2.250000e-01	2.400000e-01	3.486877e-01	7.304063e-03	7.304063e-03
2.400000e-01	2.550000e-01	2.270525e-01	5.893988e-03	5.893988e-03
2.550000e-01	2.700000e-01	9.486020e-02	3.809677e-03	3.809677e-03
2.700000e-01	2.850000e-01	2.111404e-02	1.797347e-03	1.797347e-03
2.850000e-01	3.000000e-01	6.120012e-04	3.060006e-04	3.060006e-04
# END HISTO1D

# BEGIN HISTO1D //media/adil/70aa4125-8ea2-43be-afcf-88b43c0b7507/adil/Work/QCD_events/EtaUp.yoda/L3_2004_I652683/d50-x01-y02
LineColor=blue
LineStyle=dotdashed
LineWidth=1.3pt$
Path=//media/adil/70aa4125-8ea2-43be-afcf-88b43c0b7507/adil/Work/QCD_events/EtaUp.yoda/L3_2004_I652683/d50-x01-y02
ScaledBy=2.29789443932524615e-06
Title=$\Delta\eta=+10\%$
XLabel=
YLabel=
# xlow	 xhigh	 val	 errminus	 errplus
0.000000e+00	1.500000e-02	0.000000e+00	0.000000e+00	0.000000e+00
1.500000e-02	3.000000e-02	1.883201e+00	1.698509e-02	1.698509e-02
3.000000e-02	4.500000e-02	1.809285e+01	5.264692e-02	5.264692e-02
4.500000e-02	6.000000e-02	1.349783e+01	4.547277e-02	4.547277e-02
6.000000e-02	7.500000e-02	8.741040e+00	3.659324e-02	3.659324e-02
7.500000e-02	9.000000e-02	6.204621e+00	3.083025e-02	3.083025e-02
9.000000e-02	1.050000e-01	4.536657e+00	2.636255e-02	2.636255e-02
1.050000e-01	1.200000e-01	3.429837e+00	2.292220e-02	2.292220e-02
1.200000e-01	1.350000e-01	2.626953e+00	2.006068e-02	2.006068e-02
1.350000e-01	1.500000e-01	2.020462e+00	1.759320e-02	1.759320e-02
1.500000e-01	1.650000e-01	1.558891e+00	1.545352e-02	1.545352e-02
1.650000e-01	1.800000e-01	1.231059e+00	1.373279e-02	1.373279e-02
1.800000e-01	1.950000e-01	9.283493e-01	1.192546e-02	1.192546e-02
1.950000e-01	2.100000e-01	7.111220e-01	1.043738e-02	1.043738e-02
2.100000e-01	2.250000e-01	5.136560e-01	8.870653e-03	8.870653e-03
2.250000e-01	2.400000e-01	3.498927e-01	7.321278e-03	7.321278e-03
2.400000e-01	2.550000e-01	2.216702e-01	5.827376e-03	5.827376e-03
2.550000e-01	2.700000e-01	9.666473e-02	3.848163e-03	3.848163e-03
2.700000e-01	2.850000e-01	2.068105e-02	1.779941e-03	1.779941e-03
2.850000e-01	3.000000e-01	1.225544e-03	4.332951e-04	4.332951e-04
# END HISTO1D

