# BEGIN PLOT
LegendOnly=/L3_2004_I652683/d59-x01-y02 //media/adil/70aa4125-8ea2-43be-afcf-88b43c0b7507/adil/Work/QCD_events/Monash.yoda/L3_2004_I652683/d59-x01-y02 //media/adil/70aa4125-8ea2-43be-afcf-88b43c0b7507/adil/Work/QCD_events/RhoDown.yoda/L3_2004_I652683/d59-x01-y02 //media/adil/70aa4125-8ea2-43be-afcf-88b43c0b7507/adil/Work/QCD_events/RhoUp.yoda/L3_2004_I652683/d59-x01-y02 //media/adil/70aa4125-8ea2-43be-afcf-88b43c0b7507/adil/Work/QCD_events/EtaDown.yoda/L3_2004_I652683/d59-x01-y02 //media/adil/70aa4125-8ea2-43be-afcf-88b43c0b7507/adil/Work/QCD_events/EtaUp.yoda/L3_2004_I652683/d59-x01-y02
XLabel=$N_ch$
RatioPlotReference=/L3_2004_I652683/d59-x01-y02
YLabel=$P(N_ch)$
DrawOnly=/L3_2004_I652683/d59-x01-y02 //media/adil/70aa4125-8ea2-43be-afcf-88b43c0b7507/adil/Work/QCD_events/Monash.yoda/L3_2004_I652683/d59-x01-y02 //media/adil/70aa4125-8ea2-43be-afcf-88b43c0b7507/adil/Work/QCD_events/RhoDown.yoda/L3_2004_I652683/d59-x01-y02 //media/adil/70aa4125-8ea2-43be-afcf-88b43c0b7507/adil/Work/QCD_events/RhoUp.yoda/L3_2004_I652683/d59-x01-y02 //media/adil/70aa4125-8ea2-43be-afcf-88b43c0b7507/adil/Work/QCD_events/EtaDown.yoda/L3_2004_I652683/d59-x01-y02 //media/adil/70aa4125-8ea2-43be-afcf-88b43c0b7507/adil/Work/QCD_events/EtaUp.yoda/L3_2004_I652683/d59-x01-y02
RatioPlot=1
Title=Charged multiplicity, udsc events
Legend=1
LogY=1
# END PLOT

# BEGIN HISTO1D /L3_2004_I652683/d59-x01-y02
ConnectBins=0
ErrorBars=1
Path=/L3_2004_I652683/d59-x01-y02
PolyMarker=*
Title=Data
# xlow	 xhigh	 val	 errminus	 errplus
1.000000e+00	3.000000e+00	2.100000e-05	4.472136e-06	4.472136e-06
3.000000e+00	5.000000e+00	3.310000e-04	3.041381e-05	3.041381e-05
5.000000e+00	7.000000e+00	2.582000e-03	1.963288e-04	1.963288e-04
7.000000e+00	9.000000e+00	1.133500e-02	7.302013e-04	7.302013e-04
9.000000e+00	1.100000e+01	3.282100e-02	1.772191e-03	1.772191e-03
1.100000e+01	1.300000e+01	6.699500e-02	2.913803e-03	2.913803e-03
1.300000e+01	1.500000e+01	1.043050e-01	3.403512e-03	3.403512e-03
1.500000e+01	1.700000e+01	1.302150e-01	2.806035e-03	2.806035e-03
1.700000e+01	1.900000e+01	1.378740e-01	1.621055e-03	1.621055e-03
1.900000e+01	2.100000e+01	1.283850e-01	9.344357e-04	9.344357e-04
2.100000e+01	2.300000e+01	1.093030e-01	1.662550e-03	1.662550e-03
2.300000e+01	2.500000e+01	8.627400e-02	1.999326e-03	1.999326e-03
2.500000e+01	2.700000e+01	6.417200e-02	2.130429e-03	2.130429e-03
2.700000e+01	2.900000e+01	4.549500e-02	1.999362e-03	1.999362e-03
2.900000e+01	3.100000e+01	3.075000e-02	1.795373e-03	1.795373e-03
3.100000e+01	3.300000e+01	1.997400e-02	1.432767e-03	1.432767e-03
3.300000e+01	3.500000e+01	1.243400e-02	1.130170e-03	1.130170e-03
3.500000e+01	3.700000e+01	7.410000e-03	8.098024e-04	8.098024e-04
3.700000e+01	3.900000e+01	4.343000e-03	5.525233e-04	5.525233e-04
3.900000e+01	4.100000e+01	2.433000e-03	3.563510e-04	3.563510e-04
4.100000e+01	4.300000e+01	1.284000e-03	2.379286e-04	2.379286e-04
4.300000e+01	4.500000e+01	6.510000e-04	1.426885e-04	1.426885e-04
4.500000e+01	4.700000e+01	3.300000e-04	8.670063e-05	8.670063e-05
4.700000e+01	4.900000e+01	1.490000e-04	5.544367e-05	5.544367e-05
4.900000e+01	5.100000e+01	7.200000e-05	3.157531e-05	3.157531e-05
5.100000e+01	5.300000e+01	3.300000e-05	1.868154e-05	1.868154e-05
5.300000e+01	5.500000e+01	1.400000e-05	2.319483e-05	2.319483e-05
5.500000e+01	5.700000e+01	1.100000e-05	1.264911e-05	1.264911e-05
# END HISTO1D

# BEGIN HISTO1D //media/adil/70aa4125-8ea2-43be-afcf-88b43c0b7507/adil/Work/QCD_events/Monash.yoda/L3_2004_I652683/d59-x01-y02
LineColor=red
LineStyle=solid
LineWidth=1.3pt
Path=//media/adil/70aa4125-8ea2-43be-afcf-88b43c0b7507/adil/Work/QCD_events/Monash.yoda/L3_2004_I652683/d59-x01-y02
ScaledBy=1.27774870899464807e-06
Title=nominal
XLabel=
YLabel=
# xlow	 xhigh	 val	 errminus	 errplus
1.000000e+00	3.000000e+00	2.427723e-05	3.938286e-06	3.938286e-06
3.000000e+00	5.000000e+00	3.820468e-04	1.562306e-05	1.562306e-05
5.000000e+00	7.000000e+00	2.889629e-03	4.296638e-05	4.296638e-05
7.000000e+00	9.000000e+00	1.226255e-02	8.851120e-05	8.851120e-05
9.000000e+00	1.100000e+01	3.520517e-02	1.499723e-04	1.499723e-04
1.100000e+01	1.300000e+01	7.048955e-02	2.122121e-04	2.122121e-04
1.300000e+01	1.500000e+01	1.075200e-01	2.620912e-04	2.620912e-04
1.500000e+01	1.700000e+01	1.318669e-01	2.902522e-04	2.902522e-04
1.700000e+01	1.900000e+01	1.368322e-01	2.956663e-04	2.956663e-04
1.900000e+01	2.100000e+01	1.259010e-01	2.836106e-04	2.836106e-04
2.100000e+01	2.300000e+01	1.060940e-01	2.603474e-04	2.603474e-04
2.300000e+01	2.500000e+01	8.336415e-02	2.307796e-04	2.307796e-04
2.500000e+01	2.700000e+01	6.231325e-02	1.995252e-04	1.995252e-04
2.700000e+01	2.900000e+01	4.452251e-02	1.686544e-04	1.686544e-04
2.900000e+01	3.100000e+01	3.011207e-02	1.387005e-04	1.387005e-04
3.100000e+01	3.300000e+01	1.994629e-02	1.128857e-04	1.128857e-04
3.300000e+01	3.500000e+01	1.262799e-02	8.982038e-05	8.982038e-05
3.500000e+01	3.700000e+01	7.674800e-03	7.002309e-05	7.002309e-05
3.700000e+01	3.900000e+01	4.502148e-03	5.363122e-05	5.363122e-05
3.900000e+01	4.100000e+01	2.532498e-03	4.022372e-05	4.022372e-05
4.100000e+01	4.300000e+01	1.419579e-03	3.011532e-05	3.011532e-05
4.300000e+01	4.500000e+01	7.340665e-04	2.165586e-05	2.165586e-05
4.500000e+01	4.700000e+01	3.890745e-04	1.576609e-05	1.576609e-05
4.700000e+01	4.900000e+01	2.076341e-04	1.151747e-05	1.151747e-05
4.900000e+01	5.100000e+01	1.022199e-04	8.081193e-06	8.081193e-06
5.100000e+01	5.300000e+01	3.769359e-05	4.907287e-06	4.907287e-06
5.300000e+01	5.500000e+01	2.427723e-05	3.938286e-06	3.938286e-06
5.500000e+01	5.700000e+01	1.533298e-05	3.129832e-06	3.129832e-06
# END HISTO1D

# BEGIN HISTO1D //media/adil/70aa4125-8ea2-43be-afcf-88b43c0b7507/adil/Work/QCD_events/RhoDown.yoda/L3_2004_I652683/d59-x01-y02
LineColor=red
LineStyle=dashed
LineWidth=1.3pt
Path=//media/adil/70aa4125-8ea2-43be-afcf-88b43c0b7507/adil/Work/QCD_events/RhoDown.yoda/L3_2004_I652683/d59-x01-y02
ScaledBy=1.27832447454472472e-06
Title=$\Delta\rho=-10\%$
XLabel=
YLabel=
# xlow	 xhigh	 val	 errminus	 errplus
1.000000e+00	3.000000e+00	2.492732e-05	3.991567e-06	3.991567e-06
3.000000e+00	5.000000e+00	4.160946e-04	1.630803e-05	1.630803e-05
5.000000e+00	7.000000e+00	3.002784e-03	4.380943e-05	4.380943e-05
7.000000e+00	9.000000e+00	1.295007e-02	9.097908e-05	9.097908e-05
9.000000e+00	1.100000e+01	3.644567e-02	1.526260e-04	1.526260e-04
1.100000e+01	1.300000e+01	7.279930e-02	2.157095e-04	2.157095e-04
1.300000e+01	1.500000e+01	1.094520e-01	2.644950e-04	2.644950e-04
1.500000e+01	1.700000e+01	1.323744e-01	2.908757e-04	2.908757e-04
1.700000e+01	1.900000e+01	1.370824e-01	2.960032e-04	2.960032e-04
1.900000e+01	2.100000e+01	1.256644e-01	2.834077e-04	2.834077e-04
2.100000e+01	2.300000e+01	1.048463e-01	2.588702e-04	2.588702e-04
2.300000e+01	2.500000e+01	8.266990e-02	2.298684e-04	2.298684e-04
2.500000e+01	2.700000e+01	6.131230e-02	1.979609e-04	1.979609e-04
2.700000e+01	2.900000e+01	4.319266e-02	1.661539e-04	1.661539e-04
2.900000e+01	3.100000e+01	2.962005e-02	1.375937e-04	1.375937e-04
3.100000e+01	3.300000e+01	1.922152e-02	1.108408e-04	1.108408e-04
3.300000e+01	3.500000e+01	1.200155e-02	8.758389e-05	8.758389e-05
3.500000e+01	3.700000e+01	7.338860e-03	6.848885e-05	6.848885e-05
3.700000e+01	3.900000e+01	4.365478e-03	5.282279e-05	5.282279e-05
3.900000e+01	4.100000e+01	2.395580e-03	3.913009e-05	3.913009e-05
4.100000e+01	4.300000e+01	1.378034e-03	2.967806e-05	2.967806e-05
4.300000e+01	4.500000e+01	7.075525e-04	2.126596e-05	2.126596e-05
4.500000e+01	4.700000e+01	3.886107e-04	1.576024e-05	1.576024e-05
4.700000e+01	4.900000e+01	1.815221e-04	1.077135e-05	1.077135e-05
4.900000e+01	5.100000e+01	1.003484e-04	8.008680e-06	8.008680e-06
5.100000e+01	5.300000e+01	3.707141e-05	4.867715e-06	4.867715e-06
5.300000e+01	5.500000e+01	2.109235e-05	3.671707e-06	3.671707e-06
5.500000e+01	5.700000e+01	5.113300e-06	1.807824e-06	1.807824e-06
# END HISTO1D

# BEGIN HISTO1D //media/adil/70aa4125-8ea2-43be-afcf-88b43c0b7507/adil/Work/QCD_events/RhoUp.yoda/L3_2004_I652683/d59-x01-y02
LineColor=red
LineStyle=dotdashed
LineWidth=1.3pt
Path=//media/adil/70aa4125-8ea2-43be-afcf-88b43c0b7507/adil/Work/QCD_events/RhoUp.yoda/L3_2004_I652683/d59-x01-y02
ScaledBy=1.27838412246919899e-06
Title=$\Delta\rho=+10\%$
XLabel=
YLabel=
# xlow	 xhigh	 val	 errminus	 errplus
1.000000e+00	3.000000e+00	2.556768e-05	4.042606e-06	4.042606e-06
3.000000e+00	5.000000e+00	3.713706e-04	1.540705e-05	1.540705e-05
5.000000e+00	7.000000e+00	2.662235e-03	4.125142e-05	4.125142e-05
7.000000e+00	9.000000e+00	1.178670e-02	8.679842e-05	8.679842e-05
9.000000e+00	1.100000e+01	3.368031e-02	1.467249e-04	1.467249e-04
1.100000e+01	1.300000e+01	6.915035e-02	2.102388e-04	2.102388e-04
1.300000e+01	1.500000e+01	1.065866e-01	2.610159e-04	2.610159e-04
1.500000e+01	1.700000e+01	1.308886e-01	2.892455e-04	2.892455e-04
1.700000e+01	1.900000e+01	1.369629e-01	2.958810e-04	2.958810e-04
1.900000e+01	2.100000e+01	1.265683e-01	2.844318e-04	2.844318e-04
2.100000e+01	2.300000e+01	1.063098e-01	2.606768e-04	2.606768e-04
2.300000e+01	2.500000e+01	8.430750e-02	2.321394e-04	2.321394e-04
2.500000e+01	2.700000e+01	6.324615e-02	2.010632e-04	2.010632e-04
2.700000e+01	2.900000e+01	4.504834e-02	1.696896e-04	1.696896e-04
2.900000e+01	3.100000e+01	3.076432e-02	1.402295e-04	1.402295e-04
3.100000e+01	3.300000e+01	2.025025e-02	1.137708e-04	1.137708e-04
3.300000e+01	3.500000e+01	1.281708e-02	9.051284e-05	9.051284e-05
3.500000e+01	3.700000e+01	7.975200e-03	7.139807e-05	7.139807e-05
3.700000e+01	3.900000e+01	4.803529e-03	5.541099e-05	5.541099e-05
3.900000e+01	4.100000e+01	2.664153e-03	4.126627e-05	4.126627e-05
4.100000e+01	4.300000e+01	1.493152e-03	3.089355e-05	3.089355e-05
4.300000e+01	4.500000e+01	7.791750e-04	2.231687e-05	2.231687e-05
4.500000e+01	4.700000e+01	4.621358e-04	1.718702e-05	1.718702e-05
4.700000e+01	4.900000e+01	2.039023e-04	1.141633e-05	1.141633e-05
4.900000e+01	5.100000e+01	9.012610e-05	7.589985e-06	7.589985e-06
5.100000e+01	5.300000e+01	6.008405e-05	6.197197e-06	6.197197e-06
5.300000e+01	5.500000e+01	2.492849e-05	3.991753e-06	3.991753e-06
5.500000e+01	5.700000e+01	9.587880e-06	2.475580e-06	2.475580e-06
# END HISTO1D

# BEGIN HISTO1D //media/adil/70aa4125-8ea2-43be-afcf-88b43c0b7507/adil/Work/QCD_events/EtaDown.yoda/L3_2004_I652683/d59-x01-y02
LineColor=blue
LineStyle=dashed
LineWidth=1.3pt
Path=//media/adil/70aa4125-8ea2-43be-afcf-88b43c0b7507/adil/Work/QCD_events/EtaDown.yoda/L3_2004_I652683/d59-x01-y02
ScaledBy=1.27855247403100109e-06
Title=$\Delta\eta=-10\%$
XLabel=
YLabel=
# xlow	 xhigh	 val	 errminus	 errplus
1.000000e+00	3.000000e+00	3.516020e-05	4.740999e-06	4.740999e-06
3.000000e+00	5.000000e+00	3.675839e-04	1.532931e-05	1.532931e-05
5.000000e+00	7.000000e+00	2.706056e-03	4.159228e-05	4.159228e-05
7.000000e+00	9.000000e+00	1.207848e-02	8.787199e-05	8.787199e-05
9.000000e+00	1.100000e+01	3.461873e-02	1.487647e-04	1.487647e-04
1.100000e+01	1.300000e+01	7.030950e-02	2.120075e-04	2.120075e-04
1.300000e+01	1.500000e+01	1.073268e-01	2.619379e-04	2.619379e-04
1.500000e+01	1.700000e+01	1.318462e-01	2.903208e-04	2.903208e-04
1.700000e+01	1.900000e+01	1.366402e-01	2.955517e-04	2.955517e-04
1.900000e+01	2.100000e+01	1.259368e-01	2.837400e-04	2.837400e-04
2.100000e+01	2.300000e+01	1.062445e-01	2.606139e-04	2.606139e-04
2.300000e+01	2.500000e+01	8.356045e-02	2.311238e-04	2.311238e-04
2.500000e+01	2.700000e+01	6.273855e-02	2.002680e-04	2.002680e-04
2.700000e+01	2.900000e+01	4.476852e-02	1.691728e-04	1.691728e-04
2.900000e+01	3.100000e+01	3.032726e-02	1.392390e-04	1.392390e-04
3.100000e+01	3.300000e+01	1.982971e-02	1.125907e-04	1.125907e-04
3.300000e+01	3.500000e+01	1.274461e-02	9.026255e-05	9.026255e-05
3.500000e+01	3.700000e+01	7.762090e-03	7.044232e-05	7.044232e-05
3.700000e+01	3.900000e+01	4.575300e-03	5.408216e-05	5.408216e-05
3.900000e+01	4.100000e+01	2.590987e-03	4.069836e-05	4.069836e-05
4.100000e+01	4.300000e+01	1.414079e-03	3.006638e-05	3.006638e-05
4.300000e+01	4.500000e+01	7.946205e-04	2.253846e-05	2.253846e-05
4.500000e+01	4.700000e+01	4.046619e-04	1.608387e-05	1.608387e-05
4.700000e+01	4.900000e+01	2.116005e-04	1.163061e-05	1.163061e-05
4.900000e+01	5.100000e+01	9.461290e-05	7.777132e-06	7.777132e-06
5.100000e+01	5.300000e+01	4.219223e-05	5.193506e-06	5.193506e-06
5.300000e+01	5.500000e+01	1.789973e-05	3.382732e-06	3.382732e-06
5.500000e+01	5.700000e+01	7.671315e-06	2.214518e-06	2.214518e-06
# END HISTO1D

# BEGIN HISTO1D //media/adil/70aa4125-8ea2-43be-afcf-88b43c0b7507/adil/Work/QCD_events/EtaUp.yoda/L3_2004_I652683/d59-x01-y02
LineColor=blue
LineStyle=dotdashed
LineWidth=1.3pt$
Path=//media/adil/70aa4125-8ea2-43be-afcf-88b43c0b7507/adil/Work/QCD_events/EtaUp.yoda/L3_2004_I652683/d59-x01-y02
ScaledBy=1.27810309051717807e-06
Title=$\Delta\eta=+10\%$
XLabel=
YLabel=
# xlow	 xhigh	 val	 errminus	 errplus
1.000000e+00	3.000000e+00	3.131352e-05	4.473361e-06	4.473361e-06
3.000000e+00	5.000000e+00	4.038806e-04	1.606551e-05	1.606551e-05
5.000000e+00	7.000000e+00	2.944110e-03	4.337555e-05	4.337555e-05
7.000000e+00	9.000000e+00	1.244105e-02	8.916544e-05	8.916544e-05
9.000000e+00	1.100000e+01	3.558559e-02	1.508013e-04	1.508013e-04
1.100000e+01	1.300000e+01	7.141785e-02	2.136344e-04	2.136344e-04
1.300000e+01	1.500000e+01	1.084521e-01	2.632613e-04	2.632613e-04
1.500000e+01	1.700000e+01	1.324377e-01	2.909201e-04	2.909201e-04
1.700000e+01	1.900000e+01	1.365870e-01	2.954423e-04	2.954423e-04
1.900000e+01	2.100000e+01	1.254228e-01	2.831107e-04	2.831107e-04
2.100000e+01	2.300000e+01	1.058187e-01	2.600453e-04	2.600453e-04
2.300000e+01	2.500000e+01	8.309140e-02	2.304337e-04	2.304337e-04
2.500000e+01	2.700000e+01	6.192090e-02	1.989237e-04	1.989237e-04
2.700000e+01	2.900000e+01	4.381082e-02	1.673242e-04	1.673242e-04
2.900000e+01	3.100000e+01	2.997599e-02	1.384059e-04	1.384059e-04
3.100000e+01	3.300000e+01	1.969813e-02	1.121968e-04	1.121968e-04
3.300000e+01	3.500000e+01	1.253627e-02	8.950601e-05	8.950601e-05
3.500000e+01	3.700000e+01	7.465400e-03	6.907080e-05	6.907080e-05
3.700000e+01	3.900000e+01	4.472083e-03	5.345926e-05	5.345926e-05
3.900000e+01	4.100000e+01	2.567709e-03	4.050801e-05	4.050801e-05
4.100000e+01	4.300000e+01	1.379073e-03	2.968668e-05	2.968668e-05
4.300000e+01	4.500000e+01	7.528025e-04	2.193353e-05	2.193353e-05
4.500000e+01	4.700000e+01	4.045196e-04	1.607822e-05	1.607822e-05
4.700000e+01	4.900000e+01	2.038574e-04	1.141383e-05	1.141383e-05
4.900000e+01	5.100000e+01	9.969205e-05	7.981751e-06	7.981751e-06
5.100000e+01	5.300000e+01	3.578689e-05	4.782224e-06	4.782224e-06
5.300000e+01	5.500000e+01	2.620111e-05	4.091927e-06	4.091927e-06
5.500000e+01	5.700000e+01	1.278103e-05	2.857925e-06	2.857925e-06
# END HISTO1D

