# BEGIN PLOT
LegendOnly=/L3_2004_I652683/d65-x01-y02 //media/adil/70aa4125-8ea2-43be-afcf-88b43c0b7507/adil/Work/QCD_events/Monash.yoda/L3_2004_I652683/d65-x01-y02 //media/adil/70aa4125-8ea2-43be-afcf-88b43c0b7507/adil/Work/QCD_events/RhoDown.yoda/L3_2004_I652683/d65-x01-y02 //media/adil/70aa4125-8ea2-43be-afcf-88b43c0b7507/adil/Work/QCD_events/RhoUp.yoda/L3_2004_I652683/d65-x01-y02 //media/adil/70aa4125-8ea2-43be-afcf-88b43c0b7507/adil/Work/QCD_events/EtaDown.yoda/L3_2004_I652683/d65-x01-y02 //media/adil/70aa4125-8ea2-43be-afcf-88b43c0b7507/adil/Work/QCD_events/EtaUp.yoda/L3_2004_I652683/d65-x01-y02
XLabel=$\xi_p$
RatioPlotReference=/L3_2004_I652683/d65-x01-y02
YLabel=$1/\sigma \mathrm{d}\sigma/\mathrm{d}\xi_p$
DrawOnly=/L3_2004_I652683/d65-x01-y02 //media/adil/70aa4125-8ea2-43be-afcf-88b43c0b7507/adil/Work/QCD_events/Monash.yoda/L3_2004_I652683/d65-x01-y02 //media/adil/70aa4125-8ea2-43be-afcf-88b43c0b7507/adil/Work/QCD_events/RhoDown.yoda/L3_2004_I652683/d65-x01-y02 //media/adil/70aa4125-8ea2-43be-afcf-88b43c0b7507/adil/Work/QCD_events/RhoUp.yoda/L3_2004_I652683/d65-x01-y02 //media/adil/70aa4125-8ea2-43be-afcf-88b43c0b7507/adil/Work/QCD_events/EtaDown.yoda/L3_2004_I652683/d65-x01-y02 //media/adil/70aa4125-8ea2-43be-afcf-88b43c0b7507/adil/Work/QCD_events/EtaUp.yoda/L3_2004_I652683/d65-x01-y02
RatioPlot=1
Title=Log of scaled momentum distribution (charged), udsc events
Legend=1
LogY=1
# END PLOT

# BEGIN HISTO1D /L3_2004_I652683/d65-x01-y02
ConnectBins=0
ErrorBars=1
Path=/L3_2004_I652683/d65-x01-y02
PolyMarker=*
Title=Data
# xlow	 xhigh	 val	 errminus	 errplus
0.000000e+00	2.000000e-01	1.800000e-02	1.414214e-03	1.414214e-03
2.000000e-01	4.000000e-01	1.010000e-01	6.082763e-03	6.082763e-03
4.000000e-01	6.000000e-01	2.560000e-01	1.513275e-02	1.513275e-02
6.000000e-01	8.000000e-01	4.710000e-01	1.824829e-02	1.824829e-02
8.000000e-01	1.000000e+00	7.670000e-01	2.531798e-02	2.531798e-02
1.000000e+00	1.200000e+00	1.142000e+00	3.041381e-02	3.041381e-02
1.200000e+00	1.400000e+00	1.582000e+00	2.844293e-02	2.844293e-02
1.400000e+00	1.600000e+00	2.077000e+00	2.668333e-02	2.668333e-02
1.600000e+00	1.800000e+00	2.599000e+00	1.476482e-02	1.476482e-02
1.800000e+00	2.000000e+00	3.092000e+00	2.720294e-02	2.720294e-02
2.000000e+00	2.200000e+00	3.536000e+00	5.656854e-02	5.656854e-02
2.200000e+00	2.400000e+00	4.035000e+00	6.661081e-02	6.661081e-02
2.400000e+00	2.600000e+00	4.458000e+00	7.553807e-02	7.553807e-02
2.600000e+00	2.800000e+00	4.884000e+00	8.558621e-02	8.558621e-02
2.800000e+00	3.000000e+00	5.261000e+00	1.094578e-01	1.094578e-01
3.000000e+00	3.200000e+00	5.610000e+00	9.751410e-02	9.751410e-02
3.200000e+00	3.400000e+00	5.829000e+00	1.115437e-01	1.115437e-01
3.400000e+00	3.600000e+00	5.965000e+00	1.224949e-01	1.224949e-01
3.600000e+00	3.800000e+00	6.024000e+00	1.185116e-01	1.185116e-01
3.800000e+00	4.000000e+00	5.976000e+00	1.075639e-01	1.075639e-01
4.000000e+00	4.200000e+00	5.805000e+00	1.006032e-01	1.006032e-01
4.200000e+00	4.400000e+00	5.519000e+00	9.166242e-02	9.166242e-02
4.400000e+00	4.600000e+00	5.100000e+00	8.161495e-02	8.161495e-02
4.600000e+00	4.800000e+00	4.534000e+00	6.576473e-02	6.576473e-02
4.800000e+00	5.000000e+00	3.817000e+00	8.050466e-02	8.050466e-02
5.000000e+00	5.200000e+00	3.180000e+00	4.981967e-02	4.981967e-02
5.200000e+00	5.400000e+00	2.579000e+00	7.156815e-02	7.156815e-02
5.400000e+00	5.600000e+00	1.927000e+00	8.050466e-02	8.050466e-02
5.600000e+00	5.800000e+00	1.406000e+00	2.153927e-01	2.153927e-01
5.800000e+00	6.000000e+00	7.950000e-01	1.200000e-01	1.200000e-01
6.000000e+00	6.200000e+00	4.890000e-01	1.048904e-01	1.048904e-01
6.200000e+00	6.400000e+00	3.180000e-01	7.778175e-02	7.778175e-02
6.400000e+00	6.600000e+00	2.040000e-01	7.212489e-02	7.212489e-02
6.600000e+00	6.800000e+00	1.320000e-01	7.355270e-02	7.355270e-02
6.800000e+00	7.000000e+00	8.600000e-02	7.071068e-02	7.071068e-02
7.000000e+00	7.200000e+00	6.000000e-02	1.049238e-01	1.049238e-01
7.200000e+00	7.400000e+00	4.400000e-02	5.445181e-02	5.445181e-02
7.400000e+00	7.600000e+00	3.400000e-02	3.041381e-02	3.041381e-02
7.600000e+00	7.800000e+00	1.900000e-02	5.556978e-02	5.556978e-02
7.800000e+00	8.000000e+00	2.100000e-02	1.414214e-03	1.414214e-03
# END HISTO1D

# BEGIN HISTO1D //media/adil/70aa4125-8ea2-43be-afcf-88b43c0b7507/adil/Work/QCD_events/Monash.yoda/L3_2004_I652683/d65-x01-y02
LineColor=red
LineStyle=solid
LineWidth=1.3pt
Path=//media/adil/70aa4125-8ea2-43be-afcf-88b43c0b7507/adil/Work/QCD_events/Monash.yoda/L3_2004_I652683/d65-x01-y02
ScaledBy=6.38874354497324034e-07
Title=nominal
XLabel=
YLabel=
# xlow	 xhigh	 val	 errminus	 errplus
0.000000e+00	2.000000e-01	1.522437e-02	2.205274e-04	2.205274e-04
2.000000e-01	4.000000e-01	9.036560e-02	5.372720e-04	5.372720e-04
4.000000e-01	6.000000e-01	2.372396e-01	8.705352e-04	8.705352e-04
6.000000e-01	8.000000e-01	4.701508e-01	1.225494e-03	1.225494e-03
8.000000e-01	1.000000e+00	7.935205e-01	1.592106e-03	1.592106e-03
1.000000e+00	1.200000e+00	1.189185e+00	1.949025e-03	1.949025e-03
1.200000e+00	1.400000e+00	1.641182e+00	2.289660e-03	2.289660e-03
1.400000e+00	1.600000e+00	2.118929e+00	2.601662e-03	2.601662e-03
1.600000e+00	1.800000e+00	2.596849e+00	2.880156e-03	2.880156e-03
1.800000e+00	2.000000e+00	3.081272e+00	3.137312e-03	3.137312e-03
2.000000e+00	2.200000e+00	3.552751e+00	3.368799e-03	3.368799e-03
2.200000e+00	2.400000e+00	4.006078e+00	3.577275e-03	3.577275e-03
2.400000e+00	2.600000e+00	4.454423e+00	3.772146e-03	3.772146e-03
2.600000e+00	2.800000e+00	4.881824e+00	3.948970e-03	3.948970e-03
2.800000e+00	3.000000e+00	5.298550e+00	4.114066e-03	4.114066e-03
3.000000e+00	3.200000e+00	5.657125e+00	4.250996e-03	4.250996e-03
3.200000e+00	3.400000e+00	5.937930e+00	4.355222e-03	4.355222e-03
3.400000e+00	3.600000e+00	6.128580e+00	4.424586e-03	4.424586e-03
3.600000e+00	3.800000e+00	6.203620e+00	4.451592e-03	4.451592e-03
3.800000e+00	4.000000e+00	6.151380e+00	4.432809e-03	4.432809e-03
4.000000e+00	4.200000e+00	5.925920e+00	4.350815e-03	4.350815e-03
4.200000e+00	4.400000e+00	5.539790e+00	4.206678e-03	4.206678e-03
4.400000e+00	4.600000e+00	4.985763e+00	3.990787e-03	3.990787e-03
4.600000e+00	4.800000e+00	4.311268e+00	3.711037e-03	3.711037e-03
4.800000e+00	5.000000e+00	3.575665e+00	3.379645e-03	3.379645e-03
5.000000e+00	5.200000e+00	2.845888e+00	3.015100e-03	3.015100e-03
5.200000e+00	5.400000e+00	2.172671e+00	2.634449e-03	2.634449e-03
5.400000e+00	5.600000e+00	1.583444e+00	2.249024e-03	2.249024e-03
5.600000e+00	5.800000e+00	1.108325e+00	1.881596e-03	1.881596e-03
5.800000e+00	6.000000e+00	7.487030e-01	1.546492e-03	1.546492e-03
6.000000e+00	6.200000e+00	4.927861e-01	1.254648e-03	1.254648e-03
6.200000e+00	6.400000e+00	3.179645e-01	1.007818e-03	1.007818e-03
6.400000e+00	6.600000e+00	2.054045e-01	8.100236e-04	8.100236e-04
6.600000e+00	6.800000e+00	1.330392e-01	6.519024e-04	6.519024e-04
6.800000e+00	7.000000e+00	8.898560e-02	5.331541e-04	5.331541e-04
7.000000e+00	7.200000e+00	6.230305e-02	4.461155e-04	4.461155e-04
7.200000e+00	7.400000e+00	4.551021e-02	3.812828e-04	3.812828e-04
7.400000e+00	7.600000e+00	3.371979e-02	3.281974e-04	3.281974e-04
7.600000e+00	7.800000e+00	2.661550e-02	2.915816e-04	2.915816e-04
7.800000e+00	8.000000e+00	2.064203e-02	2.567846e-04	2.567846e-04
# END HISTO1D

# BEGIN HISTO1D //media/adil/70aa4125-8ea2-43be-afcf-88b43c0b7507/adil/Work/QCD_events/RhoDown.yoda/L3_2004_I652683/d65-x01-y02
LineColor=red
LineStyle=dashed
LineWidth=1.3pt
Path=//media/adil/70aa4125-8ea2-43be-afcf-88b43c0b7507/adil/Work/QCD_events/RhoDown.yoda/L3_2004_I652683/d65-x01-y02
ScaledBy=6.39162237272362361e-07
Title=$\Delta\rho=-10\%$
XLabel=
YLabel=
# xlow	 xhigh	 val	 errminus	 errplus
0.000000e+00	2.000000e-01	1.519928e-02	2.203952e-04	2.203952e-04
2.000000e-01	4.000000e-01	9.131390e-02	5.402055e-04	5.402055e-04
4.000000e-01	6.000000e-01	2.386376e-01	8.732930e-04	8.732930e-04
6.000000e-01	8.000000e-01	4.722833e-01	1.228547e-03	1.228547e-03
8.000000e-01	1.000000e+00	7.955110e-01	1.594460e-03	1.594460e-03
1.000000e+00	1.200000e+00	1.190117e+00	1.950228e-03	1.950228e-03
1.200000e+00	1.400000e+00	1.640800e+00	2.289910e-03	2.289910e-03
1.400000e+00	1.600000e+00	2.115432e+00	2.600100e-03	2.600100e-03
1.600000e+00	1.800000e+00	2.592238e+00	2.878246e-03	2.878246e-03
1.800000e+00	2.000000e+00	3.077525e+00	3.136110e-03	3.136110e-03
2.000000e+00	2.200000e+00	3.546785e+00	3.366728e-03	3.366728e-03
2.200000e+00	2.400000e+00	4.003799e+00	3.577064e-03	3.577064e-03
2.400000e+00	2.600000e+00	4.436652e+00	3.765462e-03	3.765462e-03
2.600000e+00	2.800000e+00	4.870867e+00	3.945424e-03	3.945424e-03
2.800000e+00	3.000000e+00	5.276995e+00	4.106614e-03	4.106614e-03
3.000000e+00	3.200000e+00	5.628110e+00	4.241034e-03	4.241034e-03
3.200000e+00	3.400000e+00	5.915345e+00	4.347911e-03	4.347911e-03
3.400000e+00	3.600000e+00	6.093850e+00	4.413025e-03	4.413025e-03
3.600000e+00	3.800000e+00	6.162025e+00	4.437642e-03	4.437642e-03
3.800000e+00	4.000000e+00	6.113090e+00	4.419986e-03	4.419986e-03
4.000000e+00	4.200000e+00	5.887760e+00	4.337761e-03	4.337761e-03
4.200000e+00	4.400000e+00	5.485625e+00	4.187005e-03	4.187005e-03
4.400000e+00	4.600000e+00	4.941479e+00	3.973919e-03	3.973919e-03
4.600000e+00	4.800000e+00	4.263039e+00	3.691053e-03	3.691053e-03
4.800000e+00	5.000000e+00	3.533036e+00	3.360196e-03	3.360196e-03
5.000000e+00	5.200000e+00	2.814404e+00	2.999050e-03	2.999050e-03
5.200000e+00	5.400000e+00	2.140139e+00	2.615240e-03	2.615240e-03
5.400000e+00	5.600000e+00	1.565200e+00	2.236534e-03	2.236534e-03
5.600000e+00	5.800000e+00	1.096358e+00	1.871831e-03	1.871831e-03
5.800000e+00	6.000000e+00	7.460655e-01	1.544113e-03	1.544113e-03
6.000000e+00	6.200000e+00	4.858911e-01	1.246120e-03	1.246120e-03
6.200000e+00	6.400000e+00	3.148225e-01	1.003052e-03	1.003052e-03
6.400000e+00	6.600000e+00	2.040398e-01	8.075101e-04	8.075101e-04
6.600000e+00	6.800000e+00	1.327540e-01	6.513499e-04	6.513499e-04
6.800000e+00	7.000000e+00	8.938045e-02	5.344558e-04	5.344558e-04
7.000000e+00	7.200000e+00	6.177825e-02	4.443327e-04	4.443327e-04
7.200000e+00	7.400000e+00	4.497145e-02	3.791046e-04	3.791046e-04
7.400000e+00	7.600000e+00	3.406096e-02	3.299278e-04	3.299278e-04
7.600000e+00	7.800000e+00	2.647090e-02	2.908539e-04	2.908539e-04
7.800000e+00	8.000000e+00	2.032536e-02	2.548647e-04	2.548647e-04
# END HISTO1D

# BEGIN HISTO1D //media/adil/70aa4125-8ea2-43be-afcf-88b43c0b7507/adil/Work/QCD_events/RhoUp.yoda/L3_2004_I652683/d65-x01-y02
LineColor=red
LineStyle=dotdashed
LineWidth=1.3pt
Path=//media/adil/70aa4125-8ea2-43be-afcf-88b43c0b7507/adil/Work/QCD_events/RhoUp.yoda/L3_2004_I652683/d65-x01-y02
ScaledBy=6.39192061234599493e-07
Title=$\Delta\rho=+10\%$
XLabel=
YLabel=
# xlow	 xhigh	 val	 errminus	 errplus
0.000000e+00	2.000000e-01	1.453522e-02	2.155319e-04	2.155319e-04
2.000000e-01	4.000000e-01	8.943895e-02	5.346431e-04	5.346431e-04
4.000000e-01	6.000000e-01	2.372937e-01	8.708507e-04	8.708507e-04
6.000000e-01	8.000000e-01	4.707617e-01	1.226595e-03	1.226595e-03
8.000000e-01	1.000000e+00	7.906200e-01	1.589588e-03	1.589588e-03
1.000000e+00	1.200000e+00	1.188265e+00	1.948755e-03	1.948755e-03
1.200000e+00	1.400000e+00	1.641155e+00	2.290211e-03	2.290211e-03
1.400000e+00	1.600000e+00	2.111063e+00	2.597474e-03	2.597474e-03
1.600000e+00	1.800000e+00	2.600058e+00	2.882652e-03	2.882652e-03
1.800000e+00	2.000000e+00	3.082271e+00	3.138601e-03	3.138601e-03
2.000000e+00	2.200000e+00	3.556717e+00	3.371517e-03	3.371517e-03
2.200000e+00	2.400000e+00	4.014542e+00	3.581943e-03	3.581943e-03
2.400000e+00	2.600000e+00	4.464293e+00	3.777261e-03	3.777261e-03
2.600000e+00	2.800000e+00	4.900242e+00	3.957395e-03	3.957395e-03
2.800000e+00	3.000000e+00	5.315580e+00	4.121696e-03	4.121696e-03
3.000000e+00	3.200000e+00	5.673770e+00	4.258302e-03	4.258302e-03
3.200000e+00	3.400000e+00	5.962200e+00	4.365197e-03	4.365197e-03
3.400000e+00	3.600000e+00	6.153200e+00	4.434566e-03	4.434566e-03
3.600000e+00	3.800000e+00	6.236225e+00	4.464383e-03	4.464383e-03
3.800000e+00	4.000000e+00	6.178235e+00	4.443579e-03	4.443579e-03
4.000000e+00	4.200000e+00	5.975115e+00	4.369923e-03	4.369923e-03
4.200000e+00	4.400000e+00	5.581880e+00	4.223679e-03	4.223679e-03
4.400000e+00	4.600000e+00	5.024280e+00	4.007168e-03	4.007168e-03
4.600000e+00	4.800000e+00	4.340932e+00	3.724708e-03	3.724708e-03
4.800000e+00	5.000000e+00	3.613851e+00	3.398489e-03	3.398489e-03
5.000000e+00	5.200000e+00	2.870746e+00	3.028992e-03	3.028992e-03
5.200000e+00	5.400000e+00	2.187162e+00	2.643876e-03	2.643876e-03
5.400000e+00	5.600000e+00	1.594132e+00	2.257162e-03	2.257162e-03
5.600000e+00	5.800000e+00	1.117384e+00	1.889740e-03	1.889740e-03
5.800000e+00	6.000000e+00	7.533775e-01	1.551697e-03	1.551697e-03
6.000000e+00	6.200000e+00	4.964604e-01	1.259630e-03	1.259630e-03
6.200000e+00	6.400000e+00	3.197430e-01	1.010884e-03	1.010884e-03
6.400000e+00	6.600000e+00	2.049410e-01	8.093104e-04	8.093104e-04
6.600000e+00	6.800000e+00	1.341856e-01	6.548677e-04	6.548677e-04
6.800000e+00	7.000000e+00	8.957320e-02	5.350442e-04	5.350442e-04
7.000000e+00	7.200000e+00	6.239795e-02	4.465661e-04	4.465661e-04
7.200000e+00	7.400000e+00	4.561594e-02	3.818203e-04	3.818203e-04
7.400000e+00	7.600000e+00	3.411688e-02	3.302063e-04	3.302063e-04
7.600000e+00	7.800000e+00	2.611739e-02	2.889120e-04	2.889120e-04
7.800000e+00	8.000000e+00	2.080570e-02	2.578647e-04	2.578647e-04
# END HISTO1D

# BEGIN HISTO1D //media/adil/70aa4125-8ea2-43be-afcf-88b43c0b7507/adil/Work/QCD_events/EtaDown.yoda/L3_2004_I652683/d65-x01-y02
LineColor=blue
LineStyle=dashed
LineWidth=1.3pt
Path=//media/adil/70aa4125-8ea2-43be-afcf-88b43c0b7507/adil/Work/QCD_events/EtaDown.yoda/L3_2004_I652683/d65-x01-y02
ScaledBy=6.39276237015500543e-07
Title=$\Delta\eta=-10\%$
XLabel=
YLabel=
# xlow	 xhigh	 val	 errminus	 errplus
0.000000e+00	2.000000e-01	1.488235e-02	2.181047e-04	2.181047e-04
2.000000e-01	4.000000e-01	9.025300e-02	5.371061e-04	5.371061e-04
4.000000e-01	6.000000e-01	2.393738e-01	8.747171e-04	8.747171e-04
6.000000e-01	8.000000e-01	4.724667e-01	1.228895e-03	1.228895e-03
8.000000e-01	1.000000e+00	7.949720e-01	1.594062e-03	1.594062e-03
1.000000e+00	1.200000e+00	1.193411e+00	1.953099e-03	1.953099e-03
1.200000e+00	1.400000e+00	1.644948e+00	2.293006e-03	2.293006e-03
1.400000e+00	1.600000e+00	2.117832e+00	2.601807e-03	2.601807e-03
1.600000e+00	1.800000e+00	2.606892e+00	2.886628e-03	2.886628e-03
1.800000e+00	2.000000e+00	3.088360e+00	3.141906e-03	3.141906e-03
2.000000e+00	2.200000e+00	3.560062e+00	3.373324e-03	3.373324e-03
2.200000e+00	2.400000e+00	4.019085e+00	3.584205e-03	3.584205e-03
2.400000e+00	2.600000e+00	4.460904e+00	3.776076e-03	3.776076e-03
2.600000e+00	2.800000e+00	4.895280e+00	3.955652e-03	3.955652e-03
2.800000e+00	3.000000e+00	5.309665e+00	4.119674e-03	4.119674e-03
3.000000e+00	3.200000e+00	5.674615e+00	4.258901e-03	4.258901e-03
3.200000e+00	3.400000e+00	5.960695e+00	4.364934e-03	4.364934e-03
3.400000e+00	3.600000e+00	6.139660e+00	4.429977e-03	4.429977e-03
3.600000e+00	3.800000e+00	6.216110e+00	4.457471e-03	4.457471e-03
3.800000e+00	4.000000e+00	6.153375e+00	4.434921e-03	4.434921e-03
4.000000e+00	4.200000e+00	5.940230e+00	4.357434e-03	4.357434e-03
4.200000e+00	4.400000e+00	5.541315e+00	4.208581e-03	4.208581e-03
4.400000e+00	4.600000e+00	4.987042e+00	3.992554e-03	3.992554e-03
4.600000e+00	4.800000e+00	4.313718e+00	3.713258e-03	3.713258e-03
4.800000e+00	5.000000e+00	3.575226e+00	3.380501e-03	3.380501e-03
5.000000e+00	5.200000e+00	2.843184e+00	3.014614e-03	3.014614e-03
5.200000e+00	5.400000e+00	2.166494e+00	2.631529e-03	2.631529e-03
5.400000e+00	5.600000e+00	1.581151e+00	2.248101e-03	2.248101e-03
5.600000e+00	5.800000e+00	1.104231e+00	1.878708e-03	1.878708e-03
5.800000e+00	6.000000e+00	7.469720e-01	1.545188e-03	1.545188e-03
6.000000e+00	6.200000e+00	4.896824e-01	1.251084e-03	1.251084e-03
6.200000e+00	6.400000e+00	3.157577e-01	1.004630e-03	1.004630e-03
6.400000e+00	6.600000e+00	2.014775e-01	8.024953e-04	8.024953e-04
6.600000e+00	6.800000e+00	1.315534e-01	6.484559e-04	6.484559e-04
6.800000e+00	7.000000e+00	8.855575e-02	5.320320e-04	5.320320e-04
7.000000e+00	7.200000e+00	6.163260e-02	4.438483e-04	4.438483e-04
7.200000e+00	7.400000e+00	4.437536e-02	3.766173e-04	3.766173e-04
7.400000e+00	7.600000e+00	3.333506e-02	3.264223e-04	3.264223e-04
7.600000e+00	7.800000e+00	2.592904e-02	2.878873e-04	2.878873e-04
7.800000e+00	8.000000e+00	2.057510e-02	2.564486e-04	2.564486e-04
# END HISTO1D

# BEGIN HISTO1D //media/adil/70aa4125-8ea2-43be-afcf-88b43c0b7507/adil/Work/QCD_events/EtaUp.yoda/L3_2004_I652683/d65-x01-y02
LineColor=blue
LineStyle=dotdashed
LineWidth=1.3pt$
Path=//media/adil/70aa4125-8ea2-43be-afcf-88b43c0b7507/adil/Work/QCD_events/EtaUp.yoda/L3_2004_I652683/d65-x01-y02
ScaledBy=6.39051545258589035e-07
Title=$\Delta\eta=+10\%$
XLabel=
YLabel=
# xlow	 xhigh	 val	 errminus	 errplus
0.000000e+00	2.000000e-01	1.444895e-02	2.148677e-04	2.148677e-04
2.000000e-01	4.000000e-01	8.985705e-02	5.358325e-04	5.358325e-04
4.000000e-01	6.000000e-01	2.365897e-01	8.694625e-04	8.694625e-04
6.000000e-01	8.000000e-01	4.708723e-01	1.226604e-03	1.226604e-03
8.000000e-01	1.000000e+00	7.917115e-01	1.590510e-03	1.590510e-03
1.000000e+00	1.200000e+00	1.187361e+00	1.947800e-03	1.947800e-03
1.200000e+00	1.400000e+00	1.629678e+00	2.281938e-03	2.281938e-03
1.400000e+00	1.600000e+00	2.105604e+00	2.593829e-03	2.593829e-03
1.600000e+00	1.800000e+00	2.592060e+00	2.877899e-03	2.877899e-03
1.800000e+00	2.000000e+00	3.068205e+00	3.131087e-03	3.131087e-03
2.000000e+00	2.200000e+00	3.545787e+00	3.365962e-03	3.365962e-03
2.200000e+00	2.400000e+00	3.991513e+00	3.571262e-03	3.571262e-03
2.400000e+00	2.600000e+00	4.434906e+00	3.764395e-03	3.764395e-03
2.600000e+00	2.800000e+00	4.875344e+00	3.946895e-03	3.946895e-03
2.800000e+00	3.000000e+00	5.287840e+00	4.110477e-03	4.110477e-03
3.000000e+00	3.200000e+00	5.645655e+00	4.247271e-03	4.247271e-03
3.200000e+00	3.400000e+00	5.921865e+00	4.349929e-03	4.349929e-03
3.400000e+00	3.600000e+00	6.113095e+00	4.419606e-03	4.419606e-03
3.600000e+00	3.800000e+00	6.188390e+00	4.446740e-03	4.446740e-03
3.800000e+00	4.000000e+00	6.131835e+00	4.426374e-03	4.426374e-03
4.000000e+00	4.200000e+00	5.922725e+00	4.350246e-03	4.350246e-03
4.200000e+00	4.400000e+00	5.529575e+00	4.203382e-03	4.203382e-03
4.400000e+00	4.600000e+00	4.979733e+00	3.988926e-03	3.988926e-03
4.600000e+00	4.800000e+00	4.309354e+00	3.710727e-03	3.710727e-03
4.800000e+00	5.000000e+00	3.573058e+00	3.378882e-03	3.378882e-03
5.000000e+00	5.200000e+00	2.847859e+00	3.016562e-03	3.016562e-03
5.200000e+00	5.400000e+00	2.168266e+00	2.632142e-03	2.632142e-03
5.400000e+00	5.600000e+00	1.583957e+00	2.249700e-03	2.249700e-03
5.600000e+00	5.800000e+00	1.107863e+00	1.881464e-03	1.881464e-03
5.800000e+00	6.000000e+00	7.497990e-01	1.547838e-03	1.547838e-03
6.000000e+00	6.200000e+00	4.919482e-01	1.253755e-03	1.253755e-03
6.200000e+00	6.400000e+00	3.178450e-01	1.007768e-03	1.007768e-03
6.400000e+00	6.600000e+00	2.049119e-01	8.091639e-04	8.091639e-04
6.600000e+00	6.800000e+00	1.346226e-01	6.558613e-04	6.558613e-04
6.800000e+00	7.000000e+00	8.994010e-02	5.360800e-04	5.360800e-04
7.000000e+00	7.200000e+00	6.280280e-02	4.479633e-04	4.479633e-04
7.200000e+00	7.400000e+00	4.586153e-02	3.828047e-04	3.828047e-04
7.400000e+00	7.600000e+00	3.458228e-02	3.324143e-04	3.324143e-04
7.600000e+00	7.800000e+00	2.645354e-02	2.907333e-04	2.907333e-04
7.800000e+00	8.000000e+00	2.081710e-02	2.579070e-04	2.579070e-04
# END HISTO1D

