# BEGIN PLOT
LegendOnly=/L3_2004_I652683/d65-x01-y01 //media/adil/70aa4125-8ea2-43be-afcf-88b43c0b7507/adil/Work/QCD_events/Monash.yoda/L3_2004_I652683/d65-x01-y01 //media/adil/70aa4125-8ea2-43be-afcf-88b43c0b7507/adil/Work/QCD_events/RhoDown.yoda/L3_2004_I652683/d65-x01-y01 //media/adil/70aa4125-8ea2-43be-afcf-88b43c0b7507/adil/Work/QCD_events/RhoUp.yoda/L3_2004_I652683/d65-x01-y01 //media/adil/70aa4125-8ea2-43be-afcf-88b43c0b7507/adil/Work/QCD_events/EtaDown.yoda/L3_2004_I652683/d65-x01-y01 //media/adil/70aa4125-8ea2-43be-afcf-88b43c0b7507/adil/Work/QCD_events/EtaUp.yoda/L3_2004_I652683/d65-x01-y01
XLabel=$\xi_p$
RatioPlotReference=/L3_2004_I652683/d65-x01-y01
YLabel=$1/\sigma \mathrm{d}\sigma/\mathrm{d}\xi_p$
DrawOnly=/L3_2004_I652683/d65-x01-y01 //media/adil/70aa4125-8ea2-43be-afcf-88b43c0b7507/adil/Work/QCD_events/Monash.yoda/L3_2004_I652683/d65-x01-y01 //media/adil/70aa4125-8ea2-43be-afcf-88b43c0b7507/adil/Work/QCD_events/RhoDown.yoda/L3_2004_I652683/d65-x01-y01 //media/adil/70aa4125-8ea2-43be-afcf-88b43c0b7507/adil/Work/QCD_events/RhoUp.yoda/L3_2004_I652683/d65-x01-y01 //media/adil/70aa4125-8ea2-43be-afcf-88b43c0b7507/adil/Work/QCD_events/EtaDown.yoda/L3_2004_I652683/d65-x01-y01 //media/adil/70aa4125-8ea2-43be-afcf-88b43c0b7507/adil/Work/QCD_events/EtaUp.yoda/L3_2004_I652683/d65-x01-y01
RatioPlot=1
Title=Log of scaled momentum distribution (charged)
Legend=1
LogY=1
# END PLOT

# BEGIN HISTO1D /L3_2004_I652683/d65-x01-y01
ConnectBins=0
ErrorBars=1
Path=/L3_2004_I652683/d65-x01-y01
PolyMarker=*
Title=Data
# xlow	 xhigh	 val	 errminus	 errplus
0.000000e+00	2.000000e-01	1.500000e-02	1.414214e-03	1.414214e-03
2.000000e-01	4.000000e-01	8.400000e-02	5.099020e-03	5.099020e-03
4.000000e-01	6.000000e-01	2.200000e-01	1.216553e-02	1.216553e-02
6.000000e-01	8.000000e-01	4.170000e-01	9.219544e-03	9.219544e-03
8.000000e-01	1.000000e+00	6.900000e-01	1.236932e-02	1.236932e-02
1.000000e+00	1.200000e+00	1.047000e+00	1.552417e-02	1.552417e-02
1.200000e+00	1.400000e+00	1.481000e+00	1.208305e-02	1.208305e-02
1.400000e+00	1.600000e+00	1.986000e+00	1.676305e-02	1.676305e-02
1.600000e+00	1.800000e+00	2.550000e+00	1.081665e-02	1.081665e-02
1.800000e+00	2.000000e+00	3.104000e+00	2.213594e-02	2.213594e-02
2.000000e+00	2.200000e+00	3.642000e+00	4.751842e-02	4.751842e-02
2.200000e+00	2.400000e+00	4.211000e+00	4.472136e-02	4.472136e-02
2.400000e+00	2.600000e+00	4.697000e+00	3.883298e-02	3.883298e-02
2.600000e+00	2.800000e+00	5.156000e+00	3.492850e-02	3.492850e-02
2.800000e+00	3.000000e+00	5.555000e+00	6.166036e-02	6.166036e-02
3.000000e+00	3.200000e+00	5.896000e+00	2.193171e-02	2.193171e-02
3.200000e+00	3.400000e+00	6.104000e+00	5.178803e-02	5.178803e-02
3.400000e+00	3.600000e+00	6.253000e+00	6.661081e-02	6.661081e-02
3.600000e+00	3.800000e+00	6.278000e+00	6.675328e-02	6.675328e-02
3.800000e+00	4.000000e+00	6.201000e+00	4.903060e-02	4.903060e-02
4.000000e+00	4.200000e+00	6.000000e+00	5.375872e-02	5.375872e-02
4.200000e+00	4.400000e+00	5.681000e+00	4.981967e-02	4.981967e-02
4.400000e+00	4.600000e+00	5.237000e+00	5.968249e-02	5.968249e-02
4.600000e+00	4.800000e+00	4.629000e+00	5.178803e-02	5.178803e-02
4.800000e+00	5.000000e+00	3.890000e+00	7.343705e-02	7.343705e-02
5.000000e+00	5.200000e+00	3.239000e+00	4.373786e-02	4.373786e-02
5.200000e+00	5.400000e+00	2.615000e+00	6.946222e-02	6.946222e-02
5.400000e+00	5.600000e+00	1.967000e+00	7.632169e-02	7.632169e-02
5.600000e+00	5.800000e+00	1.433000e+00	2.162799e-01	2.162799e-01
5.800000e+00	6.000000e+00	8.040000e-01	8.704596e-02	8.704596e-02
6.000000e+00	6.200000e+00	4.950000e-01	7.045566e-02	7.045566e-02
6.200000e+00	6.400000e+00	3.230000e-01	4.539824e-02	4.539824e-02
6.400000e+00	6.600000e+00	2.080000e-01	4.393177e-02	4.393177e-02
6.600000e+00	6.800000e+00	1.340000e-01	4.522168e-02	4.522168e-02
6.800000e+00	7.000000e+00	8.900000e-02	4.219005e-02	4.219005e-02
7.000000e+00	7.200000e+00	6.200000e-02	9.470480e-02	9.470480e-02
7.200000e+00	7.400000e+00	4.600000e-02	2.630589e-02	2.630589e-02
7.400000e+00	7.600000e+00	3.400000e-02	2.022375e-02	2.022375e-02
7.600000e+00	7.800000e+00	2.600000e-02	4.390900e-02	4.390900e-02
7.800000e+00	8.000000e+00	2.200000e-02	1.414214e-03	1.414214e-03
# END HISTO1D

# BEGIN HISTO1D //media/adil/70aa4125-8ea2-43be-afcf-88b43c0b7507/adil/Work/QCD_events/Monash.yoda/L3_2004_I652683/d65-x01-y01
LineColor=red
LineStyle=solid
LineWidth=1.3pt
Path=//media/adil/70aa4125-8ea2-43be-afcf-88b43c0b7507/adil/Work/QCD_events/Monash.yoda/L3_2004_I652683/d65-x01-y01
ScaledBy=4.99999999999999977e-07
Title=nominal
XLabel=
YLabel=
# xlow	 xhigh	 val	 errminus	 errplus
0.000000e+00	2.000000e-01	1.196000e-02	1.729162e-04	1.729162e-04
2.000000e-01	4.000000e-01	7.270500e-02	4.263361e-04	4.263361e-04
4.000000e-01	6.000000e-01	1.999325e-01	7.069874e-04	7.069874e-04
6.000000e-01	8.000000e-01	4.099325e-01	1.012339e-03	1.012339e-03
8.000000e-01	1.000000e+00	7.067225e-01	1.329213e-03	1.329213e-03
1.000000e+00	1.200000e+00	1.082135e+00	1.644791e-03	1.644791e-03
1.200000e+00	1.400000e+00	1.529868e+00	1.955676e-03	1.955676e-03
1.400000e+00	1.600000e+00	2.031030e+00	2.253348e-03	2.253348e-03
1.600000e+00	1.800000e+00	2.565328e+00	2.532453e-03	2.532453e-03
1.800000e+00	2.000000e+00	3.129320e+00	2.797016e-03	2.797016e-03
2.000000e+00	2.200000e+00	3.678710e+00	3.032619e-03	3.032619e-03
2.200000e+00	2.400000e+00	4.207120e+00	3.243116e-03	3.243116e-03
2.400000e+00	2.600000e+00	4.711980e+00	3.432193e-03	3.432193e-03
2.600000e+00	2.800000e+00	5.173055e+00	3.596198e-03	3.596198e-03
2.800000e+00	3.000000e+00	5.595980e+00	3.740314e-03	3.740314e-03
3.000000e+00	3.200000e+00	5.959325e+00	3.859833e-03	3.859833e-03
3.200000e+00	3.400000e+00	6.240540e+00	3.949854e-03	3.949854e-03
3.400000e+00	3.600000e+00	6.429900e+00	4.009334e-03	4.009334e-03
3.600000e+00	3.800000e+00	6.492430e+00	4.028781e-03	4.028781e-03
3.800000e+00	4.000000e+00	6.410900e+00	4.003405e-03	4.003405e-03
4.000000e+00	4.200000e+00	6.135995e+00	3.916630e-03	3.916630e-03
4.200000e+00	4.400000e+00	5.694420e+00	3.773070e-03	3.773070e-03
4.400000e+00	4.600000e+00	5.097675e+00	3.569901e-03	3.569901e-03
4.600000e+00	4.800000e+00	4.386780e+00	3.311639e-03	3.311639e-03
4.800000e+00	5.000000e+00	3.630502e+00	3.012683e-03	3.012683e-03
5.000000e+00	5.200000e+00	2.877600e+00	2.682163e-03	2.682163e-03
5.200000e+00	5.400000e+00	2.194732e+00	2.342399e-03	2.342399e-03
5.400000e+00	5.600000e+00	1.597610e+00	1.998506e-03	1.998506e-03
5.600000e+00	5.800000e+00	1.118367e+00	1.672100e-03	1.672100e-03
5.800000e+00	6.000000e+00	7.554550e-01	1.374277e-03	1.374277e-03
6.000000e+00	6.200000e+00	4.970100e-01	1.114686e-03	1.114686e-03
6.200000e+00	6.400000e+00	3.209250e-01	8.957190e-04	8.957190e-04
6.400000e+00	6.600000e+00	2.083050e-01	7.216388e-04	7.216388e-04
6.600000e+00	6.800000e+00	1.350150e-01	5.809798e-04	5.809798e-04
6.800000e+00	7.000000e+00	9.053000e-02	4.757363e-04	4.757363e-04
7.000000e+00	7.200000e+00	6.398500e-02	3.999531e-04	3.999531e-04
7.200000e+00	7.400000e+00	4.628500e-02	3.401654e-04	3.401654e-04
7.400000e+00	7.600000e+00	3.441750e-02	2.933321e-04	2.933321e-04
7.600000e+00	7.800000e+00	2.711500e-02	2.603603e-04	2.603603e-04
7.800000e+00	8.000000e+00	2.095250e-02	2.288695e-04	2.288695e-04
# END HISTO1D

# BEGIN HISTO1D //media/adil/70aa4125-8ea2-43be-afcf-88b43c0b7507/adil/Work/QCD_events/RhoDown.yoda/L3_2004_I652683/d65-x01-y01
LineColor=red
LineStyle=dashed
LineWidth=1.3pt
Path=//media/adil/70aa4125-8ea2-43be-afcf-88b43c0b7507/adil/Work/QCD_events/RhoDown.yoda/L3_2004_I652683/d65-x01-y01
ScaledBy=4.99999999999999977e-07
Title=$\Delta\rho=-10\%$
XLabel=
YLabel=
# xlow	 xhigh	 val	 errminus	 errplus
0.000000e+00	2.000000e-01	1.193500e-02	1.727353e-04	1.727353e-04
2.000000e-01	4.000000e-01	7.354000e-02	4.287773e-04	4.287773e-04
4.000000e-01	6.000000e-01	2.007700e-01	7.084667e-04	7.084667e-04
6.000000e-01	8.000000e-01	4.115975e-01	1.014393e-03	1.014393e-03
8.000000e-01	1.000000e+00	7.093375e-01	1.331670e-03	1.331670e-03
1.000000e+00	1.200000e+00	1.083780e+00	1.646041e-03	1.646041e-03
1.200000e+00	1.400000e+00	1.529790e+00	1.955626e-03	1.955626e-03
1.400000e+00	1.600000e+00	2.030245e+00	2.252912e-03	2.252912e-03
1.600000e+00	1.800000e+00	2.561198e+00	2.530414e-03	2.530414e-03
1.800000e+00	2.000000e+00	3.123370e+00	2.794356e-03	2.794356e-03
2.000000e+00	2.200000e+00	3.673737e+00	3.030568e-03	3.030568e-03
2.200000e+00	2.400000e+00	4.203220e+00	3.241612e-03	3.241612e-03
2.400000e+00	2.600000e+00	4.696227e+00	3.426452e-03	3.426452e-03
2.600000e+00	2.800000e+00	5.160110e+00	3.591696e-03	3.591696e-03
2.800000e+00	3.000000e+00	5.579110e+00	3.734672e-03	3.734672e-03
3.000000e+00	3.200000e+00	5.932870e+00	3.851256e-03	3.851256e-03
3.200000e+00	3.400000e+00	6.220635e+00	3.943550e-03	3.943550e-03
3.400000e+00	3.600000e+00	6.396080e+00	3.998775e-03	3.998775e-03
3.600000e+00	3.800000e+00	6.451615e+00	4.016097e-03	4.016097e-03
3.800000e+00	4.000000e+00	6.369090e+00	3.990330e-03	3.990330e-03
4.000000e+00	4.200000e+00	6.096205e+00	3.903910e-03	3.903910e-03
4.200000e+00	4.400000e+00	5.645815e+00	3.756933e-03	3.756933e-03
4.400000e+00	4.600000e+00	5.050345e+00	3.553288e-03	3.553288e-03
4.600000e+00	4.800000e+00	4.344687e+00	3.295712e-03	3.295712e-03
4.800000e+00	5.000000e+00	3.588177e+00	2.995070e-03	2.995070e-03
5.000000e+00	5.200000e+00	2.849130e+00	2.668862e-03	2.668862e-03
5.200000e+00	5.400000e+00	2.165852e+00	2.326936e-03	2.326936e-03
5.400000e+00	5.600000e+00	1.582910e+00	1.989290e-03	1.989290e-03
5.600000e+00	5.800000e+00	1.106767e+00	1.663405e-03	1.663405e-03
5.800000e+00	6.000000e+00	7.521250e-01	1.371245e-03	1.371245e-03
6.000000e+00	6.200000e+00	4.909225e-01	1.107839e-03	1.107839e-03
6.200000e+00	6.400000e+00	3.189150e-01	8.929096e-04	8.929096e-04
6.400000e+00	6.600000e+00	2.071575e-01	7.196484e-04	7.196484e-04
6.600000e+00	6.800000e+00	1.352350e-01	5.814529e-04	5.814529e-04
6.800000e+00	7.000000e+00	9.113250e-02	4.773167e-04	4.773167e-04
7.000000e+00	7.200000e+00	6.292000e-02	3.966106e-04	3.966106e-04
7.200000e+00	7.400000e+00	4.579250e-02	3.383508e-04	3.383508e-04
7.400000e+00	7.600000e+00	3.484750e-02	2.951589e-04	2.951589e-04
7.600000e+00	7.800000e+00	2.700000e-02	2.598076e-04	2.598076e-04
7.800000e+00	8.000000e+00	2.071250e-02	2.275549e-04	2.275549e-04
# END HISTO1D

# BEGIN HISTO1D //media/adil/70aa4125-8ea2-43be-afcf-88b43c0b7507/adil/Work/QCD_events/RhoUp.yoda/L3_2004_I652683/d65-x01-y01
LineColor=red
LineStyle=dotdashed
LineWidth=1.3pt
Path=//media/adil/70aa4125-8ea2-43be-afcf-88b43c0b7507/adil/Work/QCD_events/RhoUp.yoda/L3_2004_I652683/d65-x01-y01
ScaledBy=4.99999999999999977e-07
Title=$\Delta\rho=+10\%$
XLabel=
YLabel=
# xlow	 xhigh	 val	 errminus	 errplus
0.000000e+00	2.000000e-01	1.141500e-02	1.689305e-04	1.689305e-04
2.000000e-01	4.000000e-01	7.206500e-02	4.244555e-04	4.244555e-04
4.000000e-01	6.000000e-01	1.998625e-01	7.068637e-04	7.068637e-04
6.000000e-01	8.000000e-01	4.103400e-01	1.012843e-03	1.012843e-03
8.000000e-01	1.000000e+00	7.043825e-01	1.327010e-03	1.327010e-03
1.000000e+00	1.200000e+00	1.080625e+00	1.643643e-03	1.643643e-03
1.200000e+00	1.400000e+00	1.528015e+00	1.954492e-03	1.954492e-03
1.400000e+00	1.600000e+00	2.023542e+00	2.249190e-03	2.249190e-03
1.600000e+00	1.800000e+00	2.568355e+00	2.533947e-03	2.533947e-03
1.800000e+00	2.000000e+00	3.128995e+00	2.796871e-03	2.796871e-03
2.000000e+00	2.200000e+00	3.682077e+00	3.034006e-03	3.034006e-03
2.200000e+00	2.400000e+00	4.218125e+00	3.247355e-03	3.247355e-03
2.400000e+00	2.600000e+00	4.723890e+00	3.436528e-03	3.436528e-03
2.600000e+00	2.800000e+00	5.191330e+00	3.602545e-03	3.602545e-03
2.800000e+00	3.000000e+00	5.613225e+00	3.746073e-03	3.746073e-03
3.000000e+00	3.200000e+00	5.979410e+00	3.866333e-03	3.866333e-03
3.200000e+00	3.400000e+00	6.263970e+00	3.957262e-03	3.957262e-03
3.400000e+00	3.600000e+00	6.454005e+00	4.016842e-03	4.016842e-03
3.600000e+00	3.800000e+00	6.525630e+00	4.039069e-03	4.039069e-03
3.800000e+00	4.000000e+00	6.437930e+00	4.011836e-03	4.011836e-03
4.000000e+00	4.200000e+00	6.182380e+00	3.931407e-03	3.931407e-03
4.200000e+00	4.400000e+00	5.738210e+00	3.787550e-03	3.787550e-03
4.400000e+00	4.600000e+00	5.135930e+00	3.583270e-03	3.583270e-03
4.600000e+00	4.800000e+00	4.420880e+00	3.324485e-03	3.324485e-03
4.800000e+00	5.000000e+00	3.664195e+00	3.026630e-03	3.026630e-03
5.000000e+00	5.200000e+00	2.905715e+00	2.695234e-03	2.695234e-03
5.200000e+00	5.400000e+00	2.210065e+00	2.350566e-03	2.350566e-03
5.400000e+00	5.600000e+00	1.610560e+00	2.006589e-03	2.006589e-03
5.600000e+00	5.800000e+00	1.126940e+00	1.678496e-03	1.678496e-03
5.800000e+00	6.000000e+00	7.594000e-01	1.377861e-03	1.377861e-03
6.000000e+00	6.200000e+00	4.996525e-01	1.117645e-03	1.117645e-03
6.200000e+00	6.400000e+00	3.224500e-01	8.978446e-04	8.978446e-04
6.400000e+00	6.600000e+00	2.077475e-01	7.206724e-04	7.206724e-04
6.600000e+00	6.800000e+00	1.360475e-01	5.831970e-04	5.831970e-04
6.800000e+00	7.000000e+00	9.108250e-02	4.771858e-04	4.771858e-04
7.000000e+00	7.200000e+00	6.395000e-02	3.998437e-04	3.998437e-04
7.200000e+00	7.400000e+00	4.652500e-02	3.410462e-04	3.410462e-04
7.400000e+00	7.600000e+00	3.499250e-02	2.957723e-04	2.957723e-04
7.600000e+00	7.800000e+00	2.683750e-02	2.590246e-04	2.590246e-04
7.800000e+00	8.000000e+00	2.130500e-02	2.307867e-04	2.307867e-04
# END HISTO1D

# BEGIN HISTO1D //media/adil/70aa4125-8ea2-43be-afcf-88b43c0b7507/adil/Work/QCD_events/EtaDown.yoda/L3_2004_I652683/d65-x01-y01
LineColor=blue
LineStyle=dashed
LineWidth=1.3pt
Path=//media/adil/70aa4125-8ea2-43be-afcf-88b43c0b7507/adil/Work/QCD_events/EtaDown.yoda/L3_2004_I652683/d65-x01-y01
ScaledBy=5.00000500000499952e-07
Title=$\Delta\eta=-10\%$
XLabel=
YLabel=
# xlow	 xhigh	 val	 errminus	 errplus
0.000000e+00	2.000000e-01	1.168751e-02	1.709351e-04	1.709351e-04
2.000000e-01	4.000000e-01	7.262505e-02	4.261020e-04	4.261020e-04
4.000000e-01	6.000000e-01	2.010877e-01	7.090273e-04	7.090273e-04
6.000000e-01	8.000000e-01	4.116054e-01	1.014404e-03	1.014404e-03
8.000000e-01	1.000000e+00	7.082505e-01	1.330650e-03	1.330650e-03
1.000000e+00	1.200000e+00	1.084471e+00	1.646566e-03	1.646566e-03
1.200000e+00	1.400000e+00	1.532152e+00	1.957136e-03	1.957136e-03
1.400000e+00	1.600000e+00	2.029447e+00	2.252470e-03	2.252470e-03
1.600000e+00	1.800000e+00	2.572978e+00	2.536228e-03	2.536228e-03
1.800000e+00	2.000000e+00	3.135531e+00	2.799792e-03	2.799792e-03
2.000000e+00	2.200000e+00	3.686016e+00	3.035630e-03	3.035630e-03
2.200000e+00	2.400000e+00	4.222634e+00	3.249091e-03	3.249091e-03
2.400000e+00	2.600000e+00	4.722647e+00	3.436078e-03	3.436078e-03
2.600000e+00	2.800000e+00	5.185020e+00	3.600355e-03	3.600355e-03
2.800000e+00	3.000000e+00	5.608775e+00	3.744590e-03	3.744590e-03
3.000000e+00	3.200000e+00	5.973145e+00	3.864308e-03	3.864308e-03
3.200000e+00	3.400000e+00	6.263415e+00	3.957090e-03	3.957090e-03
3.400000e+00	3.600000e+00	6.438590e+00	4.012043e-03	4.012043e-03
3.600000e+00	3.800000e+00	6.504750e+00	4.032603e-03	4.032603e-03
3.800000e+00	4.000000e+00	6.416760e+00	4.005236e-03	4.005236e-03
4.000000e+00	4.200000e+00	6.151710e+00	3.921643e-03	3.921643e-03
4.200000e+00	4.400000e+00	5.699270e+00	3.774677e-03	3.774677e-03
4.400000e+00	4.600000e+00	5.098735e+00	3.570273e-03	3.570273e-03
4.600000e+00	4.800000e+00	4.387009e+00	3.311727e-03	3.311727e-03
4.800000e+00	5.000000e+00	3.628026e+00	3.011657e-03	3.011657e-03
5.000000e+00	5.200000e+00	2.877898e+00	2.682304e-03	2.682304e-03
5.200000e+00	5.400000e+00	2.189839e+00	2.339787e-03	2.339787e-03
5.400000e+00	5.600000e+00	1.596062e+00	1.997538e-03	1.997538e-03
5.600000e+00	5.800000e+00	1.114513e+00	1.669218e-03	1.669218e-03
5.800000e+00	6.000000e+00	7.545810e-01	1.373482e-03	1.373482e-03
6.000000e+00	6.200000e+00	4.945105e-01	1.111880e-03	1.111880e-03
6.200000e+00	6.400000e+00	3.195228e-01	8.937605e-04	8.937605e-04
6.400000e+00	6.600000e+00	2.049952e-01	7.158830e-04	7.158830e-04
6.600000e+00	6.800000e+00	1.341301e-01	5.790732e-04	5.790732e-04
6.800000e+00	7.000000e+00	9.041760e-02	4.754411e-04	4.754411e-04
7.000000e+00	7.200000e+00	6.266505e-02	3.958065e-04	3.958065e-04
7.200000e+00	7.400000e+00	4.537254e-02	3.367959e-04	3.367959e-04
7.400000e+00	7.600000e+00	3.433754e-02	2.929913e-04	2.929913e-04
7.600000e+00	7.800000e+00	2.675002e-02	2.586023e-04	2.586023e-04
7.800000e+00	8.000000e+00	2.123752e-02	2.304210e-04	2.304210e-04
# END HISTO1D

# BEGIN HISTO1D //media/adil/70aa4125-8ea2-43be-afcf-88b43c0b7507/adil/Work/QCD_events/EtaUp.yoda/L3_2004_I652683/d65-x01-y01
LineColor=blue
LineStyle=dotdashed
LineWidth=1.3pt$
Path=//media/adil/70aa4125-8ea2-43be-afcf-88b43c0b7507/adil/Work/QCD_events/EtaUp.yoda/L3_2004_I652683/d65-x01-y01
ScaledBy=4.99999999999999977e-07
Title=$\Delta\eta=+10\%$
XLabel=
YLabel=
# xlow	 xhigh	 val	 errminus	 errplus
0.000000e+00	2.000000e-01	1.135000e-02	1.684488e-04	1.684488e-04
2.000000e-01	4.000000e-01	7.243500e-02	4.255438e-04	4.255438e-04
4.000000e-01	6.000000e-01	1.992950e-01	7.058594e-04	7.058594e-04
6.000000e-01	8.000000e-01	4.109775e-01	1.013629e-03	1.013629e-03
8.000000e-01	1.000000e+00	7.057200e-01	1.328270e-03	1.328270e-03
1.000000e+00	1.200000e+00	1.080078e+00	1.643227e-03	1.643227e-03
1.200000e+00	1.400000e+00	1.519953e+00	1.949328e-03	1.949328e-03
1.400000e+00	1.600000e+00	2.020737e+00	2.247631e-03	2.247631e-03
1.600000e+00	1.800000e+00	2.561785e+00	2.530704e-03	2.530704e-03
1.800000e+00	2.000000e+00	3.118315e+00	2.792094e-03	2.792094e-03
2.000000e+00	2.200000e+00	3.672305e+00	3.029977e-03	3.029977e-03
2.200000e+00	2.400000e+00	4.196853e+00	3.239156e-03	3.239156e-03
2.400000e+00	2.600000e+00	4.694700e+00	3.425894e-03	3.425894e-03
2.600000e+00	2.800000e+00	5.168510e+00	3.594618e-03	3.594618e-03
2.800000e+00	3.000000e+00	5.586335e+00	3.737090e-03	3.737090e-03
3.000000e+00	3.200000e+00	5.948170e+00	3.856220e-03	3.856220e-03
3.200000e+00	3.400000e+00	6.223745e+00	3.944535e-03	3.944535e-03
3.400000e+00	3.600000e+00	6.411580e+00	4.003617e-03	4.003617e-03
3.600000e+00	3.800000e+00	6.474285e+00	4.023147e-03	4.023147e-03
3.800000e+00	4.000000e+00	6.389545e+00	3.996731e-03	3.996731e-03
4.000000e+00	4.200000e+00	6.127355e+00	3.913871e-03	3.913871e-03
4.200000e+00	4.400000e+00	5.686195e+00	3.770343e-03	3.770343e-03
4.400000e+00	4.600000e+00	5.090135e+00	3.567259e-03	3.567259e-03
4.600000e+00	4.800000e+00	4.380750e+00	3.309362e-03	3.309362e-03
4.800000e+00	5.000000e+00	3.624530e+00	3.010203e-03	3.010203e-03
5.000000e+00	5.200000e+00	2.878880e+00	2.682760e-03	2.682760e-03
5.200000e+00	5.400000e+00	2.191470e+00	2.340657e-03	2.340657e-03
5.400000e+00	5.600000e+00	1.599165e+00	1.999478e-03	1.999478e-03
5.600000e+00	5.800000e+00	1.118252e+00	1.672015e-03	1.672015e-03
5.800000e+00	6.000000e+00	7.559625e-01	1.374739e-03	1.374739e-03
6.000000e+00	6.200000e+00	4.962800e-01	1.113867e-03	1.113867e-03
6.200000e+00	6.400000e+00	3.211725e-01	8.960643e-04	8.960643e-04
6.400000e+00	6.600000e+00	2.077725e-01	7.207158e-04	7.207158e-04
6.600000e+00	6.800000e+00	1.364775e-01	5.841179e-04	5.841179e-04
6.800000e+00	7.000000e+00	9.151000e-02	4.783043e-04	4.783043e-04
7.000000e+00	7.200000e+00	6.377000e-02	3.992806e-04	3.992806e-04
7.200000e+00	7.400000e+00	4.671500e-02	3.417419e-04	3.417419e-04
7.400000e+00	7.600000e+00	3.547250e-02	2.977940e-04	2.977940e-04
7.600000e+00	7.800000e+00	2.703750e-02	2.599880e-04	2.599880e-04
7.800000e+00	8.000000e+00	2.134500e-02	2.310032e-04	2.310032e-04
# END HISTO1D

