# BEGIN PLOT
LegendOnly=/L3_2004_I652683/d65-x01-y03 //media/adil/70aa4125-8ea2-43be-afcf-88b43c0b7507/adil/Work/QCD_events/Monash.yoda/L3_2004_I652683/d65-x01-y03 //media/adil/70aa4125-8ea2-43be-afcf-88b43c0b7507/adil/Work/QCD_events/RhoDown.yoda/L3_2004_I652683/d65-x01-y03 //media/adil/70aa4125-8ea2-43be-afcf-88b43c0b7507/adil/Work/QCD_events/RhoUp.yoda/L3_2004_I652683/d65-x01-y03 //media/adil/70aa4125-8ea2-43be-afcf-88b43c0b7507/adil/Work/QCD_events/EtaDown.yoda/L3_2004_I652683/d65-x01-y03 //media/adil/70aa4125-8ea2-43be-afcf-88b43c0b7507/adil/Work/QCD_events/EtaUp.yoda/L3_2004_I652683/d65-x01-y03
XLabel=$\xi_p$
RatioPlotReference=/L3_2004_I652683/d65-x01-y03
YLabel=$1/\sigma \mathrm{d}\sigma/\mathrm{d}\xi_p$
DrawOnly=/L3_2004_I652683/d65-x01-y03 //media/adil/70aa4125-8ea2-43be-afcf-88b43c0b7507/adil/Work/QCD_events/Monash.yoda/L3_2004_I652683/d65-x01-y03 //media/adil/70aa4125-8ea2-43be-afcf-88b43c0b7507/adil/Work/QCD_events/RhoDown.yoda/L3_2004_I652683/d65-x01-y03 //media/adil/70aa4125-8ea2-43be-afcf-88b43c0b7507/adil/Work/QCD_events/RhoUp.yoda/L3_2004_I652683/d65-x01-y03 //media/adil/70aa4125-8ea2-43be-afcf-88b43c0b7507/adil/Work/QCD_events/EtaDown.yoda/L3_2004_I652683/d65-x01-y03 //media/adil/70aa4125-8ea2-43be-afcf-88b43c0b7507/adil/Work/QCD_events/EtaUp.yoda/L3_2004_I652683/d65-x01-y03
RatioPlot=1
Title=Log of scaled momentum distribution (charged), b events
Legend=1
LogY=1
# END PLOT

# BEGIN HISTO1D /L3_2004_I652683/d65-x01-y03
ConnectBins=0
ErrorBars=1
Path=/L3_2004_I652683/d65-x01-y03
PolyMarker=*
Title=Data
# xlow	 xhigh	 val	 errminus	 errplus
0.000000e+00	2.000000e-01	1.000000e-03	1.414214e-03	1.414214e-03
2.000000e-01	4.000000e-01	1.500000e-02	4.472136e-03	4.472136e-03
4.000000e-01	6.000000e-01	8.300000e-02	1.334166e-02	1.334166e-02
6.000000e-01	8.000000e-01	2.150000e-01	1.300000e-02	1.300000e-02
8.000000e-01	1.000000e+00	4.110000e-01	1.655295e-02	1.655295e-02
1.000000e+00	1.200000e+00	7.060000e-01	2.102380e-02	2.102380e-02
1.200000e+00	1.400000e+00	1.124000e+00	2.024846e-02	2.024846e-02
1.400000e+00	1.600000e+00	1.687000e+00	3.220248e-02	3.220248e-02
1.600000e+00	1.800000e+00	2.384000e+00	3.400000e-02	3.400000e-02
1.800000e+00	2.000000e+00	3.155000e+00	6.484597e-02	6.484597e-02
2.000000e+00	2.200000e+00	4.088000e+00	9.556673e-02	9.556673e-02
2.200000e+00	2.400000e+00	4.905000e+00	1.086830e-01	1.086830e-01
2.400000e+00	2.600000e+00	5.619000e+00	1.198541e-01	1.198541e-01
2.600000e+00	2.800000e+00	6.221000e+00	1.239758e-01	1.239758e-01
2.800000e+00	3.000000e+00	6.598000e+00	1.310267e-01	1.310267e-01
3.000000e+00	3.200000e+00	6.998000e+00	9.265528e-02	9.265528e-02
3.200000e+00	3.400000e+00	7.128000e+00	9.486833e-02	9.486833e-02
3.400000e+00	3.600000e+00	7.336000e+00	9.424436e-02	9.424436e-02
3.600000e+00	3.800000e+00	7.162000e+00	8.731552e-02	8.731552e-02
3.800000e+00	4.000000e+00	7.052000e+00	7.201389e-02	7.201389e-02
4.000000e+00	4.200000e+00	6.699000e+00	7.432362e-02	7.432362e-02
4.200000e+00	4.400000e+00	6.275000e+00	7.249828e-02	7.249828e-02
4.400000e+00	4.600000e+00	5.716000e+00	8.415462e-02	8.415462e-02
4.600000e+00	4.800000e+00	4.995000e+00	7.725283e-02	7.725283e-02
4.800000e+00	5.000000e+00	4.164000e+00	9.080198e-02	9.080198e-02
5.000000e+00	5.200000e+00	3.410000e+00	6.500000e-02	6.500000e-02
5.200000e+00	5.400000e+00	2.846000e+00	9.533625e-02	9.533625e-02
5.400000e+00	5.600000e+00	2.113000e+00	9.920181e-02	9.920181e-02
5.600000e+00	5.800000e+00	1.483000e+00	2.244148e-01	2.244148e-01
5.800000e+00	6.000000e+00	8.200000e-01	2.773157e-01	2.773157e-01
6.000000e+00	6.200000e+00	5.180000e-01	3.528527e-01	3.528527e-01
6.200000e+00	6.400000e+00	3.840000e-01	2.729762e-01	2.729762e-01
6.400000e+00	6.600000e+00	2.110000e-01	1.880904e-01	1.880904e-01
6.600000e+00	6.800000e+00	1.150000e-01	1.675977e-01	1.675977e-01
6.800000e+00	7.000000e+00	8.000000e-02	1.633432e-01	1.633432e-01
7.000000e+00	7.200000e+00	0.000000e+00	8.800000e-02	8.800000e-02
7.200000e+00	7.400000e+00	3.800000e-02	8.207314e-02	8.207314e-02
7.400000e+00	7.600000e+00	1.000000e-02	4.081666e-02	4.081666e-02
7.600000e+00	7.800000e+00	2.300000e-02	7.543209e-02	7.543209e-02
7.800000e+00	8.000000e+00	2.400000e-02	1.414214e-03	1.414214e-03
# END HISTO1D

# BEGIN HISTO1D //media/adil/70aa4125-8ea2-43be-afcf-88b43c0b7507/adil/Work/QCD_events/Monash.yoda/L3_2004_I652683/d65-x01-y03
LineColor=red
LineStyle=solid
LineWidth=1.3pt
Path=//media/adil/70aa4125-8ea2-43be-afcf-88b43c0b7507/adil/Work/QCD_events/Monash.yoda/L3_2004_I652683/d65-x01-y03
ScaledBy=2.30018838542876651e-06
Title=nominal
XLabel=
YLabel=
# xlow	 xhigh	 val	 errminus	 errplus
0.000000e+00	2.000000e-01	2.070169e-04	4.879436e-05	4.879436e-05
2.000000e-01	4.000000e-01	9.120245e-03	3.238695e-04	3.238695e-04
4.000000e-01	6.000000e-01	6.561285e-02	8.686828e-04	8.686828e-04
6.000000e-01	8.000000e-01	1.931238e-01	1.490337e-03	1.490337e-03
8.000000e-01	1.000000e+00	3.942178e-01	2.129290e-03	2.129290e-03
1.000000e+00	1.200000e+00	6.967155e-01	2.830704e-03	2.830704e-03
1.200000e+00	1.400000e+00	1.129094e+00	3.603559e-03	3.603559e-03
1.400000e+00	1.600000e+00	1.714560e+00	4.440615e-03	4.440615e-03
1.600000e+00	1.800000e+00	2.451840e+00	5.310224e-03	5.310224e-03
1.800000e+00	2.000000e+00	3.302312e+00	6.162767e-03	6.162767e-03
2.000000e+00	2.200000e+00	4.132208e+00	6.893785e-03	6.893785e-03
2.200000e+00	2.400000e+00	4.930949e+00	7.530641e-03	7.530641e-03
2.400000e+00	2.600000e+00	5.639280e+00	8.053386e-03	8.053386e-03
2.600000e+00	2.800000e+00	6.221595e+00	8.458972e-03	8.458972e-03
2.800000e+00	3.000000e+00	6.666845e+00	8.756425e-03	8.756425e-03
3.000000e+00	3.200000e+00	7.047350e+00	9.002843e-03	9.002843e-03
3.200000e+00	3.400000e+00	7.330045e+00	9.181635e-03	9.181635e-03
3.400000e+00	3.600000e+00	7.514785e+00	9.296618e-03	9.296618e-03
3.600000e+00	3.800000e+00	7.532255e+00	9.307418e-03	9.307418e-03
3.800000e+00	4.000000e+00	7.345270e+00	9.191167e-03	9.191167e-03
4.000000e+00	4.200000e+00	6.892340e+00	8.903282e-03	8.903282e-03
4.200000e+00	4.400000e+00	6.251165e+00	8.479049e-03	8.479049e-03
4.400000e+00	4.600000e+00	5.500615e+00	7.953755e-03	7.953755e-03
4.600000e+00	4.800000e+00	4.658652e+00	7.319759e-03	7.319759e-03
4.800000e+00	5.000000e+00	3.827939e+00	6.635126e-03	6.635126e-03
5.000000e+00	5.200000e+00	2.991774e+00	5.865852e-03	5.865852e-03
5.200000e+00	5.400000e+00	2.274162e+00	5.114196e-03	5.114196e-03
5.400000e+00	5.600000e+00	1.648614e+00	4.354379e-03	4.354379e-03
5.600000e+00	5.800000e+00	1.154522e+00	3.643911e-03	3.643911e-03
5.800000e+00	6.000000e+00	7.797640e-01	2.994665e-03	2.994665e-03
6.000000e+00	6.200000e+00	5.122175e-01	2.427135e-03	2.427135e-03
6.200000e+00	6.400000e+00	3.315836e-01	1.952825e-03	1.952825e-03
6.400000e+00	6.600000e+00	2.187479e-01	1.586130e-03	1.586130e-03
6.600000e+00	6.800000e+00	1.421286e-01	1.278520e-03	1.278520e-03
6.800000e+00	7.000000e+00	9.609035e-02	1.051252e-03	1.051252e-03
7.000000e+00	7.200000e+00	7.004075e-02	8.975157e-04	8.975157e-04
7.200000e+00	7.400000e+00	4.907452e-02	7.512678e-04	7.512678e-04
7.400000e+00	7.600000e+00	3.692953e-02	6.517087e-04	6.517087e-04
7.600000e+00	7.800000e+00	2.891337e-02	5.766550e-04	5.766550e-04
7.800000e+00	8.000000e+00	2.207031e-02	5.038147e-04	5.038147e-04
# END HISTO1D

# BEGIN HISTO1D //media/adil/70aa4125-8ea2-43be-afcf-88b43c0b7507/adil/Work/QCD_events/RhoDown.yoda/L3_2004_I652683/d65-x01-y03
LineColor=red
LineStyle=dashed
LineWidth=1.3pt
Path=//media/adil/70aa4125-8ea2-43be-afcf-88b43c0b7507/adil/Work/QCD_events/RhoDown.yoda/L3_2004_I652683/d65-x01-y03
ScaledBy=2.29646436346600784e-06
Title=$\Delta\rho=-10\%$
XLabel=
YLabel=
# xlow	 xhigh	 val	 errminus	 errplus
0.000000e+00	2.000000e-01	2.066818e-04	4.871536e-05	4.871536e-05
2.000000e-01	4.000000e-01	9.679595e-03	3.333830e-04	3.333830e-04
4.000000e-01	6.000000e-01	6.471435e-02	8.620158e-04	8.620158e-04
6.000000e-01	8.000000e-01	1.935575e-01	1.490802e-03	1.490802e-03
8.000000e-01	1.000000e+00	3.997226e-01	2.142368e-03	2.142368e-03
1.000000e+00	1.200000e+00	7.017190e-01	2.838550e-03	2.838550e-03
1.200000e+00	1.400000e+00	1.130940e+00	3.603584e-03	3.603584e-03
1.400000e+00	1.600000e+00	1.724174e+00	4.449440e-03	4.449440e-03
1.600000e+00	1.800000e+00	2.449673e+00	5.303577e-03	5.303577e-03
1.800000e+00	2.000000e+00	3.288089e+00	6.144502e-03	6.144502e-03
2.000000e+00	2.200000e+00	4.129869e+00	6.886254e-03	6.886254e-03
2.200000e+00	2.400000e+00	4.919727e+00	7.515976e-03	7.515976e-03
2.400000e+00	2.600000e+00	5.628865e+00	8.039429e-03	8.039429e-03
2.600000e+00	2.800000e+00	6.199350e+00	8.436999e-03	8.436999e-03
2.800000e+00	3.000000e+00	6.664590e+00	8.747857e-03	8.747857e-03
3.000000e+00	3.200000e+00	7.027860e+00	8.983102e-03	8.983102e-03
3.200000e+00	3.400000e+00	7.317510e+00	9.166353e-03	9.166353e-03
3.400000e+00	3.600000e+00	7.481985e+00	9.268794e-03	9.268794e-03
3.600000e+00	3.800000e+00	7.492075e+00	9.275044e-03	9.275044e-03
3.800000e+00	4.000000e+00	7.288900e+00	9.148414e-03	9.148414e-03
4.000000e+00	4.200000e+00	6.845130e+00	8.865550e-03	8.865550e-03
4.200000e+00	4.400000e+00	6.221385e+00	8.451979e-03	8.451979e-03
4.400000e+00	4.600000e+00	5.441485e+00	7.904484e-03	7.904484e-03
4.600000e+00	4.800000e+00	4.638043e+00	7.297637e-03	7.297637e-03
4.800000e+00	5.000000e+00	3.786295e+00	6.593593e-03	6.593593e-03
5.000000e+00	5.200000e+00	2.973898e+00	5.843565e-03	5.843565e-03
5.200000e+00	5.400000e+00	2.258239e+00	5.092134e-03	5.092134e-03
5.400000e+00	5.600000e+00	1.646542e+00	4.348117e-03	4.348117e-03
5.600000e+00	5.800000e+00	1.144167e+00	3.624597e-03	3.624597e-03
5.800000e+00	6.000000e+00	7.738970e-01	2.980962e-03	2.980962e-03
6.000000e+00	6.200000e+00	5.090000e-01	2.417540e-03	2.417540e-03
6.200000e+00	6.400000e+00	3.336188e-01	1.957223e-03	1.957223e-03
6.400000e+00	6.600000e+00	2.183593e-01	1.583437e-03	1.583437e-03
6.600000e+00	6.800000e+00	1.441490e-01	1.286533e-03	1.286533e-03
6.800000e+00	7.000000e+00	9.742750e-02	1.057683e-03	1.057683e-03
7.000000e+00	7.200000e+00	6.702230e-02	8.772524e-04	8.772524e-04
7.200000e+00	7.400000e+00	4.874245e-02	7.481153e-04	7.481153e-04
7.400000e+00	7.600000e+00	3.767350e-02	6.577076e-04	6.577076e-04
7.600000e+00	7.800000e+00	2.890100e-02	5.760649e-04	5.760649e-04
7.800000e+00	8.000000e+00	2.210347e-02	5.037849e-04	5.037849e-04
# END HISTO1D

# BEGIN HISTO1D //media/adil/70aa4125-8ea2-43be-afcf-88b43c0b7507/adil/Work/QCD_events/RhoUp.yoda/L3_2004_I652683/d65-x01-y03
LineColor=red
LineStyle=dotdashed
LineWidth=1.3pt
Path=//media/adil/70aa4125-8ea2-43be-afcf-88b43c0b7507/adil/Work/QCD_events/RhoUp.yoda/L3_2004_I652683/d65-x01-y03
ScaledBy=2.29607944434877460e-06
Title=$\Delta\rho=+10\%$
XLabel=
YLabel=
# xlow	 xhigh	 val	 errminus	 errplus
0.000000e+00	2.000000e-01	2.066471e-04	4.870720e-05	4.870720e-05
2.000000e-01	4.000000e-01	9.655015e-03	3.329315e-04	3.329315e-04
4.000000e-01	6.000000e-01	6.540380e-02	8.665228e-04	8.665228e-04
6.000000e-01	8.000000e-01	1.932954e-01	1.489667e-03	1.489667e-03
8.000000e-01	1.000000e+00	3.946042e-01	2.128430e-03	2.128430e-03
1.000000e+00	1.200000e+00	6.939670e-01	2.822591e-03	2.822591e-03
1.200000e+00	1.400000e+00	1.121601e+00	3.588373e-03	3.588373e-03
1.400000e+00	1.600000e+00	1.709155e+00	4.429648e-03	4.429648e-03
1.600000e+00	1.800000e+00	2.454475e+00	5.308328e-03	5.308328e-03
1.800000e+00	2.000000e+00	3.296837e+00	6.152154e-03	6.152154e-03
2.000000e+00	2.200000e+00	4.132392e+00	6.887779e-03	6.887779e-03
2.200000e+00	2.400000e+00	4.949429e+00	7.537997e-03	7.537997e-03
2.400000e+00	2.600000e+00	5.656405e+00	8.058396e-03	8.058396e-03
2.600000e+00	2.800000e+00	6.236980e+00	8.461856e-03	8.461856e-03
2.800000e+00	3.000000e+00	6.682420e+00	8.758813e-03	8.758813e-03
3.000000e+00	3.200000e+00	7.077330e+00	9.013910e-03	9.013910e-03
3.200000e+00	3.400000e+00	7.347980e+00	9.184648e-03	9.184648e-03
3.400000e+00	3.600000e+00	7.534560e+00	9.300524e-03	9.300524e-03
3.600000e+00	3.800000e+00	7.565225e+00	9.319431e-03	9.319431e-03
3.800000e+00	4.000000e+00	7.370795e+00	9.198894e-03	9.198894e-03
4.000000e+00	4.200000e+00	6.926925e+00	8.917616e-03	8.917616e-03
4.200000e+00	4.400000e+00	6.299790e+00	8.504356e-03	8.504356e-03
4.400000e+00	4.600000e+00	5.536995e+00	7.972885e-03	7.972885e-03
4.600000e+00	4.800000e+00	4.708065e+00	7.351901e-03	7.351901e-03
4.800000e+00	5.000000e+00	3.845037e+00	6.643986e-03	6.643986e-03
5.000000e+00	5.200000e+00	3.031330e+00	5.899227e-03	5.899227e-03
5.200000e+00	5.400000e+00	2.292337e+00	5.130002e-03	5.130002e-03
5.400000e+00	5.600000e+00	1.669571e+00	4.378052e-03	4.378052e-03
5.600000e+00	5.800000e+00	1.161265e+00	3.651272e-03	3.651272e-03
5.800000e+00	6.000000e+00	7.810345e-01	2.994426e-03	2.994426e-03
6.000000e+00	6.200000e+00	5.111190e-01	2.422364e-03	2.422364e-03
6.200000e+00	6.400000e+00	3.321738e-01	1.952815e-03	1.952815e-03
6.400000e+00	6.600000e+00	2.178291e-01	1.581381e-03	1.581381e-03
6.600000e+00	6.800000e+00	1.427358e-01	1.280103e-03	1.280103e-03
6.800000e+00	7.000000e+00	9.650420e-02	1.052571e-03	1.052571e-03
7.000000e+00	7.200000e+00	6.952530e-02	8.934081e-04	8.934081e-04
7.200000e+00	7.400000e+00	4.979048e-02	7.560519e-04	7.560519e-04
7.400000e+00	7.600000e+00	3.813788e-02	6.616933e-04	6.616933e-04
7.600000e+00	7.800000e+00	2.942426e-02	5.812076e-04	5.812076e-04
7.800000e+00	8.000000e+00	2.309856e-02	5.149570e-04	5.149570e-04
# END HISTO1D

# BEGIN HISTO1D //media/adil/70aa4125-8ea2-43be-afcf-88b43c0b7507/adil/Work/QCD_events/EtaDown.yoda/L3_2004_I652683/d65-x01-y03
LineColor=blue
LineStyle=dashed
LineWidth=1.3pt
Path=//media/adil/70aa4125-8ea2-43be-afcf-88b43c0b7507/adil/Work/QCD_events/EtaDown.yoda/L3_2004_I652683/d65-x01-y03
ScaledBy=2.29500446378368191e-06
Title=$\Delta\eta=-10\%$
XLabel=
YLabel=
# xlow	 xhigh	 val	 errminus	 errplus
0.000000e+00	2.000000e-01	2.180254e-04	5.001847e-05	5.001847e-05
2.000000e-01	4.000000e-01	9.340670e-03	3.273902e-04	3.273902e-04
4.000000e-01	6.000000e-01	6.364045e-02	8.545617e-04	8.545617e-04
6.000000e-01	8.000000e-01	1.931131e-01	1.488616e-03	1.488616e-03
8.000000e-01	1.000000e+00	3.969210e-01	2.134169e-03	2.134169e-03
1.000000e+00	1.200000e+00	6.933780e-01	2.820732e-03	2.820732e-03
1.200000e+00	1.400000e+00	1.127215e+00	3.596500e-03	3.596500e-03
1.400000e+00	1.600000e+00	1.712142e+00	4.432479e-03	4.432479e-03
1.600000e+00	1.800000e+00	2.451226e+00	5.303572e-03	5.303572e-03
1.800000e+00	2.000000e+00	3.304876e+00	6.158208e-03	6.158208e-03
2.000000e+00	2.200000e+00	4.138191e+00	6.890998e-03	6.890998e-03
2.200000e+00	2.400000e+00	4.953377e+00	7.539237e-03	7.539237e-03
2.400000e+00	2.600000e+00	5.662305e+00	8.060712e-03	8.060712e-03
2.600000e+00	2.800000e+00	6.225175e+00	8.451867e-03	8.451867e-03
2.800000e+00	3.000000e+00	6.682585e+00	8.756870e-03	8.756870e-03
3.000000e+00	3.200000e+00	7.044870e+00	8.991111e-03	8.991111e-03
3.200000e+00	3.400000e+00	7.350190e+00	9.183876e-03	9.183876e-03
3.400000e+00	3.600000e+00	7.511745e+00	9.284258e-03	9.284258e-03
3.600000e+00	3.800000e+00	7.540970e+00	9.302302e-03	9.302302e-03
3.800000e+00	4.000000e+00	7.362315e+00	9.191450e-03	9.191450e-03
4.000000e+00	4.200000e+00	6.910925e+00	8.905223e-03	8.905223e-03
4.200000e+00	4.400000e+00	6.266325e+00	8.479754e-03	8.479754e-03
4.400000e+00	4.600000e+00	5.499715e+00	7.944139e-03	7.944139e-03
4.600000e+00	4.800000e+00	4.650126e+00	7.304813e-03	7.304813e-03
4.800000e+00	5.000000e+00	3.817579e+00	6.618671e-03	6.618671e-03
5.000000e+00	5.200000e+00	3.002520e+00	5.869751e-03	5.869751e-03
5.200000e+00	5.400000e+00	2.273649e+00	5.107854e-03	5.107854e-03
5.400000e+00	5.600000e+00	1.649592e+00	4.350759e-03	4.350759e-03
5.600000e+00	5.800000e+00	1.151426e+00	3.634921e-03	3.634921e-03
5.800000e+00	6.000000e+00	7.818965e-01	2.995376e-03	2.995376e-03
6.000000e+00	6.200000e+00	5.118435e-01	2.423513e-03	2.423513e-03
6.200000e+00	6.400000e+00	3.330395e-01	1.954901e-03	1.954901e-03
6.400000e+00	6.600000e+00	2.176238e-01	1.580265e-03	1.580265e-03
6.600000e+00	6.800000e+00	1.433804e-01	1.282690e-03	1.282690e-03
6.800000e+00	7.000000e+00	9.710165e-02	1.055577e-03	1.055577e-03
7.000000e+00	7.200000e+00	6.637155e-02	8.727054e-04	8.727054e-04
7.200000e+00	7.400000e+00	4.895244e-02	7.494868e-04	7.494868e-04
7.400000e+00	7.600000e+00	3.793643e-02	6.597888e-04	6.597888e-04
7.600000e+00	7.800000e+00	2.969736e-02	5.837617e-04	5.837617e-04
7.800000e+00	8.000000e+00	2.361559e-02	5.205665e-04	5.205665e-04
# END HISTO1D

# BEGIN HISTO1D //media/adil/70aa4125-8ea2-43be-afcf-88b43c0b7507/adil/Work/QCD_events/EtaUp.yoda/L3_2004_I652683/d65-x01-y03
LineColor=blue
LineStyle=dotdashed
LineWidth=1.3pt$
Path=//media/adil/70aa4125-8ea2-43be-afcf-88b43c0b7507/adil/Work/QCD_events/EtaUp.yoda/L3_2004_I652683/d65-x01-y03
ScaledBy=2.29789443932524615e-06
Title=$\Delta\eta=+10\%$
XLabel=
YLabel=
# xlow	 xhigh	 val	 errminus	 errplus
0.000000e+00	2.000000e-01	2.068105e-04	4.874570e-05	4.874570e-05
2.000000e-01	4.000000e-01	9.789030e-03	3.353667e-04	3.353667e-04
4.000000e-01	6.000000e-01	6.519125e-02	8.654555e-04	8.654555e-04
6.000000e-01	8.000000e-01	1.956082e-01	1.499145e-03	1.499145e-03
8.000000e-01	1.000000e+00	3.965132e-01	2.134415e-03	2.134415e-03
1.000000e+00	1.200000e+00	6.943090e-01	2.824401e-03	2.824401e-03
1.200000e+00	1.400000e+00	1.125406e+00	3.595874e-03	3.595874e-03
1.400000e+00	1.600000e+00	1.715573e+00	4.439711e-03	4.439711e-03
1.600000e+00	1.800000e+00	2.452922e+00	5.308745e-03	5.308745e-03
1.800000e+00	2.000000e+00	3.298501e+00	6.156137e-03	6.156137e-03
2.000000e+00	2.200000e+00	4.127236e+00	6.886202e-03	6.886202e-03
2.200000e+00	2.400000e+00	4.935211e+00	7.530138e-03	7.530138e-03
2.400000e+00	2.600000e+00	5.628865e+00	8.041932e-03	8.041932e-03
2.600000e+00	2.800000e+00	6.222685e+00	8.455494e-03	8.455494e-03
2.800000e+00	3.000000e+00	6.659665e+00	8.747345e-03	8.747345e-03
3.000000e+00	3.200000e+00	7.035970e+00	8.991083e-03	8.991083e-03
3.200000e+00	3.400000e+00	7.309235e+00	9.164019e-03	9.164019e-03
3.400000e+00	3.600000e+00	7.484865e+00	9.273463e-03	9.273463e-03
3.600000e+00	3.800000e+00	7.502305e+00	9.284261e-03	9.284261e-03
3.800000e+00	4.000000e+00	7.316220e+00	9.168397e-03	9.168397e-03
4.000000e+00	4.200000e+00	6.863155e+00	8.879980e-03	8.879980e-03
4.200000e+00	4.400000e+00	6.249365e+00	8.473600e-03	8.473600e-03
4.400000e+00	4.600000e+00	5.487120e+00	7.940031e-03	7.940031e-03
4.600000e+00	4.800000e+00	4.637472e+00	7.299461e-03	7.299461e-03
4.800000e+00	5.000000e+00	3.809610e+00	6.615920e-03	6.615920e-03
5.000000e+00	5.200000e+00	2.990422e+00	5.861602e-03	5.861602e-03
5.200000e+00	5.400000e+00	2.274904e+00	5.112480e-03	5.112480e-03
5.400000e+00	5.600000e+00	1.653852e+00	4.359115e-03	4.359115e-03
5.600000e+00	5.800000e+00	1.155611e+00	3.643812e-03	3.643812e-03
5.800000e+00	6.000000e+00	7.781245e-01	2.990023e-03	2.990023e-03
6.000000e+00	6.200000e+00	5.118560e-01	2.425068e-03	2.425068e-03
6.200000e+00	6.400000e+00	3.331372e-01	1.956418e-03	1.956418e-03
6.400000e+00	6.600000e+00	2.180587e-01	1.582839e-03	1.582839e-03
6.600000e+00	6.800000e+00	1.431473e-01	1.282454e-03	1.282454e-03
6.800000e+00	7.000000e+00	9.715500e-02	1.056532e-03	1.056532e-03
7.000000e+00	7.200000e+00	6.724790e-02	8.790010e-04	8.790010e-04
7.200000e+00	7.400000e+00	4.978388e-02	7.563005e-04	7.563005e-04
7.400000e+00	7.600000e+00	3.867357e-02	6.665874e-04	6.665874e-04
7.600000e+00	7.800000e+00	2.913730e-02	5.785951e-04	5.785951e-04
7.800000e+00	8.000000e+00	2.324320e-02	5.167710e-04	5.167710e-04
# END HISTO1D

