# BEGIN PLOT
LegendOnly=/ALEPH_1995_I382179/d02-x01-y01 //media/adil/70aa4125-8ea2-43be-afcf-88b43c0b7507/adil/Work/QCD_events/Monash.yoda/ALEPH_1995_I382179/d02-x01-y01 //media/adil/70aa4125-8ea2-43be-afcf-88b43c0b7507/adil/Work/QCD_events/RhoDown.yoda/ALEPH_1995_I382179/d02-x01-y01 //media/adil/70aa4125-8ea2-43be-afcf-88b43c0b7507/adil/Work/QCD_events/RhoUp.yoda/ALEPH_1995_I382179/d02-x01-y01 //media/adil/70aa4125-8ea2-43be-afcf-88b43c0b7507/adil/Work/QCD_events/EtaDown.yoda/ALEPH_1995_I382179/d02-x01-y01 //media/adil/70aa4125-8ea2-43be-afcf-88b43c0b7507/adil/Work/QCD_events/EtaUp.yoda/ALEPH_1995_I382179/d02-x01-y01
XLabel=$z=p/p_{\text{beam}}$
RatioPlotReference=/ALEPH_1995_I382179/d02-x01-y01
YLabel=$1/\sigma \, \text{d}\sigma/\text{d}p$ [$\text{GeV}^-1$]
DrawOnly=/ALEPH_1995_I382179/d02-x01-y01 //media/adil/70aa4125-8ea2-43be-afcf-88b43c0b7507/adil/Work/QCD_events/Monash.yoda/ALEPH_1995_I382179/d02-x01-y01 //media/adil/70aa4125-8ea2-43be-afcf-88b43c0b7507/adil/Work/QCD_events/RhoDown.yoda/ALEPH_1995_I382179/d02-x01-y01 //media/adil/70aa4125-8ea2-43be-afcf-88b43c0b7507/adil/Work/QCD_events/RhoUp.yoda/ALEPH_1995_I382179/d02-x01-y01 //media/adil/70aa4125-8ea2-43be-afcf-88b43c0b7507/adil/Work/QCD_events/EtaDown.yoda/ALEPH_1995_I382179/d02-x01-y01 //media/adil/70aa4125-8ea2-43be-afcf-88b43c0b7507/adil/Work/QCD_events/EtaUp.yoda/ALEPH_1995_I382179/d02-x01-y01
RatioPlot=1
Title=$K^\pm$ momentum
Legend=1
LogX=1
LogY=1
# END PLOT

# BEGIN HISTO1D /ALEPH_1995_I382179/d02-x01-y01
ConnectBins=0
ErrorBars=1
Path=/ALEPH_1995_I382179/d02-x01-y01
PolyMarker=*
Title=Data
# xlow	 xhigh	 val	 errminus	 errplus
5.500000e-03	6.000000e-03	1.240000e+01	1.120045e+00	1.120045e+00
6.000000e-03	6.500000e-03	1.327000e+01	9.100549e-01	9.100549e-01
6.500000e-03	7.000000e-03	1.533000e+01	9.000556e-01	9.000556e-01
7.000000e-03	7.500000e-03	1.743000e+01	9.202174e-01	9.202174e-01
7.500000e-03	8.000000e-03	1.833000e+01	8.802272e-01	8.802272e-01
8.000000e-03	8.500000e-03	1.962000e+01	9.002222e-01	9.002222e-01
8.500000e-03	9.000000e-03	2.002000e+01	8.614523e-01	8.614523e-01
9.000000e-03	9.500000e-03	2.166000e+01	8.881441e-01	8.881441e-01
1.300000e-02	1.400000e-02	2.584000e+01	8.280097e-01	8.280097e-01
1.400000e-02	1.600000e-02	2.746000e+01	8.266196e-01	8.266196e-01
1.600000e-02	1.800000e-02	2.763000e+01	2.262941e+00	2.262941e+00
7.000000e-02	7.500000e-02	1.060000e+01	1.314686e+00	1.314686e+00
7.500000e-02	8.000000e-02	9.530000e+00	1.013903e+00	1.013903e+00
8.000000e-02	8.500000e-02	9.150000e+00	8.612781e-01	8.612781e-01
8.500000e-02	9.000000e-02	8.410000e+00	7.404053e-01	7.404053e-01
9.000000e-02	1.000000e-01	7.960000e+00	5.772348e-01	5.772348e-01
1.000000e-01	1.100000e-01	7.260000e+00	4.876474e-01	4.876474e-01
1.100000e-01	1.200000e-01	6.340000e+00	3.860052e-01	3.860052e-01
1.200000e-01	1.300000e-01	5.630000e+00	3.383785e-01	3.383785e-01
1.300000e-01	1.400000e-01	4.940000e+00	2.973214e-01	2.973214e-01
1.400000e-01	1.500000e-01	4.390000e+00	2.563201e-01	2.563201e-01
1.500000e-01	1.600000e-01	4.220000e+00	2.376973e-01	2.376973e-01
1.600000e-01	1.800000e-01	3.630000e+00	1.897367e-01	1.897367e-01
1.800000e-01	2.000000e-01	3.100000e+00	1.581139e-01	1.581139e-01
2.000000e-01	2.500000e-01	2.245000e+00	1.127918e-01	1.127918e-01
2.500000e-01	3.000000e-01	1.538000e+00	8.000625e-02	8.000625e-02
3.000000e-01	4.000000e-01	8.410000e-01	4.492215e-02	4.492215e-02
4.000000e-01	6.000000e-01	2.936000e-01	1.553222e-02	1.553222e-02
6.000000e-01	8.000000e-01	5.960000e-02	3.801316e-03	3.801316e-03
# END HISTO1D

# BEGIN HISTO1D //media/adil/70aa4125-8ea2-43be-afcf-88b43c0b7507/adil/Work/QCD_events/Monash.yoda/ALEPH_1995_I382179/d02-x01-y01
LineColor=red
LineStyle=solid
LineWidth=1.3pt
Path=//media/adil/70aa4125-8ea2-43be-afcf-88b43c0b7507/adil/Work/QCD_events/Monash.yoda/ALEPH_1995_I382179/d02-x01-y01
ScaledBy=4.99999999999999977e-07
Title=nominal
XLabel=
YLabel=
# xlow	 xhigh	 val	 errminus	 errplus
5.500000e-03	6.000000e-03	1.428100e+01	1.195031e-01	1.195031e-01
6.000000e-03	6.500000e-03	1.623500e+01	1.274166e-01	1.274166e-01
6.500000e-03	7.000000e-03	1.790600e+01	1.338133e-01	1.338133e-01
7.000000e-03	7.500000e-03	1.922100e+01	1.386398e-01	1.386398e-01
7.500000e-03	8.000000e-03	2.080300e+01	1.442325e-01	1.442325e-01
8.000000e-03	8.500000e-03	2.197900e+01	1.482532e-01	1.482532e-01
8.500000e-03	9.000000e-03	2.336300e+01	1.528496e-01	1.528496e-01
9.000000e-03	9.500000e-03	2.436400e+01	1.560897e-01	1.560897e-01
1.300000e-02	1.400000e-02	2.963700e+01	1.217313e-01	1.217313e-01
1.400000e-02	1.600000e-02	2.978300e+01	8.628876e-02	8.628876e-02
1.600000e-02	1.800000e-02	2.936400e+01	8.567964e-02	8.567964e-02
7.000000e-02	7.500000e-02	1.009000e+01	3.176476e-02	3.176476e-02
7.500000e-02	8.000000e-02	9.393500e+00	3.064882e-02	3.064882e-02
8.000000e-02	8.500000e-02	8.788000e+00	2.964456e-02	2.964456e-02
8.500000e-02	9.000000e-02	8.194700e+00	2.862639e-02	2.862639e-02
9.000000e-02	1.000000e-01	7.541350e+00	1.941823e-02	1.941823e-02
1.000000e-01	1.100000e-01	6.659850e+00	1.824808e-02	1.824808e-02
1.100000e-01	1.200000e-01	5.893850e+00	1.716661e-02	1.716661e-02
1.200000e-01	1.300000e-01	5.304650e+00	1.628596e-02	1.628596e-02
1.300000e-01	1.400000e-01	4.769400e+00	1.544247e-02	1.544247e-02
1.400000e-01	1.500000e-01	4.296100e+00	1.465623e-02	1.465623e-02
1.500000e-01	1.600000e-01	3.899650e+00	1.396361e-02	1.396361e-02
1.600000e-01	1.800000e-01	3.372175e+00	9.181741e-03	9.181741e-03
1.800000e-01	2.000000e-01	2.796800e+00	8.361818e-03	8.361818e-03
2.000000e-01	2.500000e-01	2.074690e+00	4.554877e-03	4.554877e-03
2.500000e-01	3.000000e-01	1.360740e+00	3.688821e-03	3.688821e-03
3.000000e-01	4.000000e-01	7.720150e-01	1.964707e-03	1.964707e-03
4.000000e-01	6.000000e-01	2.736050e-01	8.270505e-04	8.270505e-04
6.000000e-01	8.000000e-01	6.127500e-02	3.913917e-04	3.913917e-04
# END HISTO1D

# BEGIN HISTO1D //media/adil/70aa4125-8ea2-43be-afcf-88b43c0b7507/adil/Work/QCD_events/RhoDown.yoda/ALEPH_1995_I382179/d02-x01-y01
LineColor=red
LineStyle=dashed
LineWidth=1.3pt
Path=//media/adil/70aa4125-8ea2-43be-afcf-88b43c0b7507/adil/Work/QCD_events/RhoDown.yoda/ALEPH_1995_I382179/d02-x01-y01
ScaledBy=4.99999999999999977e-07
Title=$\Delta\rho=-10\%$
XLabel=
YLabel=
# xlow	 xhigh	 val	 errminus	 errplus
5.500000e-03	6.000000e-03	1.441900e+01	1.200791e-01	1.200791e-01
6.000000e-03	6.500000e-03	1.623500e+01	1.274166e-01	1.274166e-01
6.500000e-03	7.000000e-03	1.794500e+01	1.339589e-01	1.339589e-01
7.000000e-03	7.500000e-03	1.950100e+01	1.396460e-01	1.396460e-01
7.500000e-03	8.000000e-03	2.077900e+01	1.441492e-01	1.441492e-01
8.000000e-03	8.500000e-03	2.248600e+01	1.499533e-01	1.499533e-01
8.500000e-03	9.000000e-03	2.357600e+01	1.535448e-01	1.535448e-01
9.000000e-03	9.500000e-03	2.470000e+01	1.571623e-01	1.571623e-01
1.300000e-02	1.400000e-02	2.974600e+01	1.219549e-01	1.219549e-01
1.400000e-02	1.600000e-02	2.979350e+01	8.630397e-02	8.630397e-02
1.600000e-02	1.800000e-02	2.972125e+01	8.619926e-02	8.619926e-02
7.000000e-02	7.500000e-02	1.017730e+01	3.190188e-02	3.190188e-02
7.500000e-02	8.000000e-02	9.491700e+00	3.080860e-02	3.080860e-02
8.000000e-02	8.500000e-02	8.866500e+00	2.977667e-02	2.977667e-02
8.500000e-02	9.000000e-02	8.298400e+00	2.880694e-02	2.880694e-02
9.000000e-02	1.000000e-01	7.491200e+00	1.935355e-02	1.935355e-02
1.000000e-01	1.100000e-01	6.658150e+00	1.824575e-02	1.824575e-02
1.100000e-01	1.200000e-01	5.969100e+00	1.727585e-02	1.727585e-02
1.200000e-01	1.300000e-01	5.341850e+00	1.634296e-02	1.634296e-02
1.300000e-01	1.400000e-01	4.783000e+00	1.546448e-02	1.546448e-02
1.400000e-01	1.500000e-01	4.344700e+00	1.473889e-02	1.473889e-02
1.500000e-01	1.600000e-01	3.919850e+00	1.399973e-02	1.399973e-02
1.600000e-01	1.800000e-01	3.381550e+00	9.194496e-03	9.194496e-03
1.800000e-01	2.000000e-01	2.780925e+00	8.338053e-03	8.338053e-03
2.000000e-01	2.500000e-01	2.071480e+00	4.551351e-03	4.551351e-03
2.500000e-01	3.000000e-01	1.365570e+00	3.695362e-03	3.695362e-03
3.000000e-01	4.000000e-01	7.724000e-01	1.965197e-03	1.965197e-03
4.000000e-01	6.000000e-01	2.741750e-01	8.279115e-04	8.279115e-04
6.000000e-01	8.000000e-01	6.065750e-02	3.894146e-04	3.894146e-04
# END HISTO1D

# BEGIN HISTO1D //media/adil/70aa4125-8ea2-43be-afcf-88b43c0b7507/adil/Work/QCD_events/RhoUp.yoda/ALEPH_1995_I382179/d02-x01-y01
LineColor=red
LineStyle=dotdashed
LineWidth=1.3pt
Path=//media/adil/70aa4125-8ea2-43be-afcf-88b43c0b7507/adil/Work/QCD_events/RhoUp.yoda/ALEPH_1995_I382179/d02-x01-y01
ScaledBy=4.99999999999999977e-07
Title=$\Delta\rho=+10\%$
XLabel=
YLabel=
# xlow	 xhigh	 val	 errminus	 errplus
5.500000e-03	6.000000e-03	1.422000e+01	1.192476e-01	1.192476e-01
6.000000e-03	6.500000e-03	1.606400e+01	1.267438e-01	1.267438e-01
6.500000e-03	7.000000e-03	1.763100e+01	1.327818e-01	1.327818e-01
7.000000e-03	7.500000e-03	1.913100e+01	1.383149e-01	1.383149e-01
7.500000e-03	8.000000e-03	2.083800e+01	1.443537e-01	1.443537e-01
8.000000e-03	8.500000e-03	2.205500e+01	1.485093e-01	1.485093e-01
8.500000e-03	9.000000e-03	2.301100e+01	1.516938e-01	1.516938e-01
9.000000e-03	9.500000e-03	2.444600e+01	1.563522e-01	1.563522e-01
1.300000e-02	1.400000e-02	2.929100e+01	1.210186e-01	1.210186e-01
1.400000e-02	1.600000e-02	2.953200e+01	8.592439e-02	8.592439e-02
1.600000e-02	1.800000e-02	2.922425e+01	8.547551e-02	8.547551e-02
7.000000e-02	7.500000e-02	1.003250e+01	3.167412e-02	3.167412e-02
7.500000e-02	8.000000e-02	9.355900e+00	3.058742e-02	3.058742e-02
8.000000e-02	8.500000e-02	8.779700e+00	2.963056e-02	2.963056e-02
8.500000e-02	9.000000e-02	8.237400e+00	2.870087e-02	2.870087e-02
9.000000e-02	1.000000e-01	7.459250e+00	1.931224e-02	1.931224e-02
1.000000e-01	1.100000e-01	6.592850e+00	1.815606e-02	1.815606e-02
1.100000e-01	1.200000e-01	5.885900e+00	1.715503e-02	1.715503e-02
1.200000e-01	1.300000e-01	5.282650e+00	1.625215e-02	1.625215e-02
1.300000e-01	1.400000e-01	4.760700e+00	1.542838e-02	1.542838e-02
1.400000e-01	1.500000e-01	4.297300e+00	1.465827e-02	1.465827e-02
1.500000e-01	1.600000e-01	3.871500e+00	1.391312e-02	1.391312e-02
1.600000e-01	1.800000e-01	3.377075e+00	9.188410e-03	9.188410e-03
1.800000e-01	2.000000e-01	2.779550e+00	8.335991e-03	8.335991e-03
2.000000e-01	2.500000e-01	2.062790e+00	4.541795e-03	4.541795e-03
2.500000e-01	3.000000e-01	1.354880e+00	3.680869e-03	3.680869e-03
3.000000e-01	4.000000e-01	7.674300e-01	1.958864e-03	1.958864e-03
4.000000e-01	6.000000e-01	2.726500e-01	8.256058e-04	8.256058e-04
6.000000e-01	8.000000e-01	6.115000e-02	3.909923e-04	3.909923e-04
# END HISTO1D

# BEGIN HISTO1D //media/adil/70aa4125-8ea2-43be-afcf-88b43c0b7507/adil/Work/QCD_events/EtaDown.yoda/ALEPH_1995_I382179/d02-x01-y01
LineColor=blue
LineStyle=dashed
LineWidth=1.3pt
Path=//media/adil/70aa4125-8ea2-43be-afcf-88b43c0b7507/adil/Work/QCD_events/EtaDown.yoda/ALEPH_1995_I382179/d02-x01-y01
ScaledBy=5.00000500000499952e-07
Title=$\Delta\eta=-10\%$
XLabel=
YLabel=
# xlow	 xhigh	 val	 errminus	 errplus
5.500000e-03	6.000000e-03	1.441101e+01	1.200459e-01	1.200459e-01
6.000000e-03	6.500000e-03	1.608602e+01	1.268307e-01	1.268307e-01
6.500000e-03	7.000000e-03	1.774202e+01	1.331992e-01	1.331992e-01
7.000000e-03	7.500000e-03	1.917402e+01	1.384704e-01	1.384704e-01
7.500000e-03	8.000000e-03	2.087602e+01	1.444854e-01	1.444854e-01
8.000000e-03	8.500000e-03	2.191902e+01	1.480508e-01	1.480508e-01
8.500000e-03	9.000000e-03	2.347102e+01	1.532026e-01	1.532026e-01
9.000000e-03	9.500000e-03	2.456202e+01	1.567228e-01	1.567228e-01
1.300000e-02	1.400000e-02	2.954953e+01	1.215516e-01	1.215516e-01
1.400000e-02	1.600000e-02	2.973403e+01	8.621783e-02	8.621783e-02
1.600000e-02	1.800000e-02	2.954378e+01	8.594156e-02	8.594156e-02
7.000000e-02	7.500000e-02	1.013101e+01	3.182926e-02	3.182926e-02
7.500000e-02	8.000000e-02	9.510710e+00	3.083946e-02	3.083946e-02
8.000000e-02	8.500000e-02	8.878308e+00	2.979650e-02	2.979650e-02
8.500000e-02	9.000000e-02	8.247308e+00	2.871814e-02	2.871814e-02
9.000000e-02	1.000000e-01	7.509908e+00	1.937771e-02	1.937771e-02
1.000000e-01	1.100000e-01	6.664857e+00	1.825495e-02	1.825495e-02
1.100000e-01	1.200000e-01	5.909206e+00	1.718897e-02	1.718897e-02
1.200000e-01	1.300000e-01	5.338505e+00	1.633785e-02	1.633785e-02
1.300000e-01	1.400000e-01	4.777955e+00	1.545633e-02	1.545633e-02
1.400000e-01	1.500000e-01	4.345604e+00	1.474043e-02	1.474043e-02
1.500000e-01	1.600000e-01	3.890104e+00	1.394652e-02	1.394652e-02
1.600000e-01	1.800000e-01	3.371729e+00	9.181138e-03	9.181138e-03
1.800000e-01	2.000000e-01	2.817803e+00	8.393161e-03	8.393161e-03
2.000000e-01	2.500000e-01	2.071742e+00	4.551641e-03	4.551641e-03
2.500000e-01	3.000000e-01	1.360471e+00	3.688459e-03	3.688459e-03
3.000000e-01	4.000000e-01	7.726358e-01	1.965498e-03	1.965498e-03
4.000000e-01	6.000000e-01	2.721028e-01	8.247772e-04	8.247772e-04
6.000000e-01	8.000000e-01	6.136505e-02	3.916795e-04	3.916795e-04
# END HISTO1D

# BEGIN HISTO1D //media/adil/70aa4125-8ea2-43be-afcf-88b43c0b7507/adil/Work/QCD_events/EtaUp.yoda/ALEPH_1995_I382179/d02-x01-y01
LineColor=blue
LineStyle=dotdashed
LineWidth=1.3pt$
Path=//media/adil/70aa4125-8ea2-43be-afcf-88b43c0b7507/adil/Work/QCD_events/EtaUp.yoda/ALEPH_1995_I382179/d02-x01-y01
ScaledBy=4.99999999999999977e-07
Title=$\Delta\eta=+10\%$
XLabel=
YLabel=
# xlow	 xhigh	 val	 errminus	 errplus
5.500000e-03	6.000000e-03	1.437400e+01	1.198916e-01	1.198916e-01
6.000000e-03	6.500000e-03	1.612200e+01	1.269724e-01	1.269724e-01
6.500000e-03	7.000000e-03	1.757500e+01	1.325707e-01	1.325707e-01
7.000000e-03	7.500000e-03	1.915600e+01	1.384052e-01	1.384052e-01
7.500000e-03	8.000000e-03	2.050100e+01	1.431817e-01	1.431817e-01
8.000000e-03	8.500000e-03	2.193600e+01	1.481081e-01	1.481081e-01
8.500000e-03	9.000000e-03	2.319800e+01	1.523089e-01	1.523089e-01
9.000000e-03	9.500000e-03	2.455300e+01	1.566940e-01	1.566940e-01
1.300000e-02	1.400000e-02	2.943600e+01	1.213178e-01	1.213178e-01
1.400000e-02	1.600000e-02	2.949275e+01	8.586727e-02	8.586727e-02
1.600000e-02	1.800000e-02	2.918025e+01	8.541114e-02	8.541114e-02
7.000000e-02	7.500000e-02	1.008690e+01	3.175988e-02	3.175988e-02
7.500000e-02	8.000000e-02	9.393600e+00	3.064898e-02	3.064898e-02
8.000000e-02	8.500000e-02	8.780200e+00	2.963140e-02	2.963140e-02
8.500000e-02	9.000000e-02	8.187400e+00	2.861363e-02	2.861363e-02
9.000000e-02	1.000000e-01	7.513900e+00	1.938285e-02	1.938285e-02
1.000000e-01	1.100000e-01	6.659450e+00	1.824753e-02	1.824753e-02
1.100000e-01	1.200000e-01	5.906950e+00	1.718568e-02	1.718568e-02
1.200000e-01	1.300000e-01	5.244250e+00	1.619298e-02	1.619298e-02
1.300000e-01	1.400000e-01	4.764250e+00	1.543413e-02	1.543413e-02
1.400000e-01	1.500000e-01	4.278750e+00	1.462660e-02	1.462660e-02
1.500000e-01	1.600000e-01	3.880200e+00	1.392875e-02	1.392875e-02
1.600000e-01	1.800000e-01	3.357700e+00	9.162014e-03	9.162014e-03
1.800000e-01	2.000000e-01	2.806175e+00	8.375821e-03	8.375821e-03
2.000000e-01	2.500000e-01	2.065280e+00	4.544535e-03	4.544535e-03
2.500000e-01	3.000000e-01	1.354950e+00	3.680965e-03	3.680965e-03
3.000000e-01	4.000000e-01	7.740600e-01	1.967308e-03	1.967308e-03
4.000000e-01	6.000000e-01	2.728900e-01	8.259691e-04	8.259691e-04
6.000000e-01	8.000000e-01	6.084000e-02	3.900000e-04	3.900000e-04
# END HISTO1D

