# BEGIN PLOT
LegendOnly=/ALEPH_1996_S3486095/d25-x01-y01 //media/adil/70aa4125-8ea2-43be-afcf-88b43c0b7507/adil/Work/QCD_DM@LEP/New_plots/T1.yoda/ALEPH_1996_S3486095/d25-x01-y01 //media/adil/70aa4125-8ea2-43be-afcf-88b43c0b7507/adil/Work/QCD_DM@LEP/New_plots/T2.yoda/ALEPH_1996_S3486095/d25-x01-y01 /T10.yoda/ALEPH_1996_S3486095/d25-x01-y01
XLabel=$x_p$
RatioPlotReference=/ALEPH_1996_S3486095/d25-x01-y01
YLabel=$1/\sigma \, \text{d}{\sigma}/\text{d}{x_p}$
Title=$\pi^\pm$ spectrum
DrawOnly=/ALEPH_1996_S3486095/d25-x01-y01 //media/adil/70aa4125-8ea2-43be-afcf-88b43c0b7507/adil/Work/QCD_DM@LEP/New_plots/T1.yoda/ALEPH_1996_S3486095/d25-x01-y01 //media/adil/70aa4125-8ea2-43be-afcf-88b43c0b7507/adil/Work/QCD_DM@LEP/New_plots/T2.yoda/ALEPH_1996_S3486095/d25-x01-y01 /T10.yoda/ALEPH_1996_S3486095/d25-x01-y01
RatioPlot=0
FullRange=1
Legend=1
LogY=1
GofType=chi2
GofReference=/ALEPH_1996_S3486095/d25-x01-y01
GofLegend=1
PlotSize=10,8
RatioPlot1=1
RatioPlot1DrawOnly=/ALEPH_1996_S3486095/d25-x01-y01 //media/adil/70aa4125-8ea2-43be-afcf-88b43c0b7507/adil/Work/QCD_DM@LEP/New_plots/T1.yoda/ALEPH_1996_S3486095/d25-x01-y01
RatioPlot1DrawReferenceFirst=0
RatioPlot1Reference=/ALEPH_1996_S3486095/d25-x01-y01
RatioPlot1SameStyle=1
RatioPlot1YLabel=MC/data
RatioPlot1YMajorTickMarks=20
RatioPlot1YMax=1.4999
RatioPlot1YMin=0.5001
RatioPlot1YSize=3
RatioPlot2=1
RatioPlot2DrawOnly=/ALEPH_1996_S3486095/d25-x01-y01 //media/adil/70aa4125-8ea2-43be-afcf-88b43c0b7507/adil/Work/QCD_DM@LEP/New_plots/T2.yoda/ALEPH_1996_S3486095/d25-x01-y01 
RatioPlot2DrawReferenceFirst=0
RatioPlot2Reference=/ALEPH_1996_S3486095/d25-x01-y01
RatioPlot2SameStyle=1
RatioPlot2YLabel=MC/data
RatioPlot2YMajorTickMarks=20
RatioPlot2YMax=1.4999
RatioPlot2YMin=0.5001
RatioPlot2YSize=3
RatioPlot3=1
RatioPlot3DrawOnly=/ALEPH_1996_S3486095/d25-x01-y01 /T10.yoda/ALEPH_1996_S3486095/d25-x01-y01
RatioPlot3DrawReferenceFirst=0
RatioPlot3Reference=/ALEPH_1996_S3486095/d25-x01-y01
RatioPlot3SameStyle=1
RatioPlot3YLabel=MC/data
RatioPlot3YMajorTickMarks=20
RatioPlot3YMax=1.4999
RatioPlot3YMin=0.5001
RatioPlot3YSize=3
# END PLOT

# BEGIN HISTO1D /ALEPH_1996_S3486095/d25-x01-y01
ConnectBins=0
ErrorBars=1
IsRef=1
Path=/ALEPH_1996_S3486095/d25-x01-y01
PolyMarker=*
Title=Data
# xlow	 xhigh	 val	 errminus	 errplus
5.000000e-03	5.500000e-03	4.829000e+02	6.041523e+00	6.041523e+00
5.500000e-03	6.000000e-03	4.626000e+02	4.883646e+00	4.883646e+00
6.000000e-03	6.500000e-03	4.965000e+02	4.669047e+00	4.669047e+00
6.500000e-03	7.000000e-03	5.112000e+02	4.472136e+00	4.472136e+00
7.000000e-03	7.500000e-03	5.077000e+02	4.257934e+00	4.257934e+00
7.500000e-03	8.000000e-03	5.385000e+02	4.455334e+00	4.455334e+00
8.000000e-03	8.500000e-03	4.842000e+02	3.945884e+00	3.945884e+00
8.500000e-03	9.000000e-03	4.997000e+02	3.962323e+00	3.962323e+00
9.000000e-03	9.500000e-03	4.946000e+02	3.847077e+00	3.847077e+00
9.500000e-03	1.000000e-02	4.739000e+02	3.634556e+00	3.634556e+00
1.000000e-02	1.100000e-02	4.609000e+02	2.549510e+00	2.549510e+00
1.100000e-02	1.200000e-02	4.256000e+02	2.353720e+00	2.353720e+00
1.200000e-02	1.300000e-02	4.207000e+02	2.334524e+00	2.334524e+00
1.300000e-02	1.400000e-02	3.805000e+02	2.236068e+00	2.236068e+00
1.400000e-02	1.600000e-02	3.608000e+02	1.615549e+00	1.615549e+00
1.600000e-02	1.800000e-02	3.240000e+02	2.280351e+00	2.280351e+00
4.500000e-02	5.000000e-02	1.039600e+02	2.177200e+00	2.177200e+00
5.000000e-02	5.500000e-02	8.995000e+01	1.149478e+00	1.149478e+00
5.500000e-02	6.000000e-02	7.896000e+01	1.029563e+00	1.029563e+00
6.000000e-02	6.500000e-02	6.936000e+01	8.005623e-01	8.005623e-01
6.500000e-02	7.000000e-02	6.135000e+01	6.847627e-01	6.847627e-01
7.000000e-02	7.500000e-02	5.527000e+01	5.852350e-01	5.852350e-01
7.500000e-02	8.000000e-02	4.991000e+01	5.325411e-01	5.325411e-01
8.000000e-02	8.500000e-02	4.433000e+01	4.780167e-01	4.780167e-01
8.500000e-02	9.000000e-02	4.024000e+01	4.341659e-01	4.341659e-01
9.000000e-02	1.000000e-01	3.538000e+01	3.498571e-01	3.498571e-01
1.000000e-01	1.100000e-01	2.951000e+01	3.023243e-01	3.023243e-01
1.100000e-01	1.200000e-01	2.491000e+01	2.720294e-01	2.720294e-01
1.200000e-01	1.300000e-01	2.106000e+01	2.280351e-01	2.280351e-01
1.300000e-01	1.400000e-01	1.816000e+01	2.061553e-01	2.061553e-01
1.400000e-01	1.500000e-01	1.546000e+01	1.920937e-01	1.920937e-01
1.500000e-01	1.600000e-01	1.364000e+01	1.769181e-01	1.769181e-01
1.600000e-01	1.800000e-01	1.100000e+01	1.303840e-01	1.303840e-01
1.800000e-01	2.000000e-01	8.484000e+00	1.148564e-01	1.148564e-01
2.000000e-01	2.500000e-01	5.621000e+00	7.915807e-02	7.915807e-02
2.500000e-01	3.000000e-01	3.181000e+00	5.371220e-02	5.371220e-02
3.000000e-01	4.000000e-01	1.563000e+00	3.087070e-02	3.087070e-02
4.000000e-01	6.000000e-01	4.495000e-01	1.122542e-02	1.122542e-02
6.000000e-01	8.000000e-01	7.670000e-02	2.969848e-03	2.969848e-03
# END HISTO1D

# BEGIN HISTO1D //media/adil/70aa4125-8ea2-43be-afcf-88b43c0b7507/adil/Work/QCD_DM@LEP/New_plots/T1.yoda/ALEPH_1996_S3486095/d25-x01-y01
ErrorBandColor=red
ErrorBandOpacity=0.2
ErrorBandStyle=hlines
ErrorBands=1
ErrorTubeLineColor=red!80!black
ErrorTubeLineStyle=solid
ErrorTubes=1
ErrorType=env
LineColor=red!80!black
LineStyle=solid
LineWidth=1.5pt
Path=//media/adil/70aa4125-8ea2-43be-afcf-88b43c0b7507/adil/Work/QCD_DM@LEP/New_plots/T1.yoda/ALEPH_1996_S3486095/d25-x01-y01
Title=\texttt{T1}
# xlow	 xhigh	 val	 errminus	 errplus
5.000000e-03	5.500000e-03	4.601418e+02	3.035980e+01	3.191400e+01
5.500000e-03	6.000000e-03	4.745628e+02	3.071240e+01	3.230560e+01
6.000000e-03	6.500000e-03	4.836577e+02	3.064680e+01	3.224360e+01
6.500000e-03	7.000000e-03	4.883888e+02	3.043200e+01	3.204430e+01
7.000000e-03	7.500000e-03	4.898772e+02	2.999360e+01	3.159510e+01
7.500000e-03	8.000000e-03	4.885521e+02	2.940870e+01	3.097530e+01
8.000000e-03	8.500000e-03	4.852141e+02	2.867860e+01	3.019390e+01
8.500000e-03	9.000000e-03	4.796205e+02	2.784020e+01	2.935790e+01
9.000000e-03	9.500000e-03	4.732183e+02	2.694890e+01	2.839810e+01
9.500000e-03	1.000000e-02	4.655006e+02	2.604590e+01	2.744920e+01
1.000000e-02	1.100000e-02	4.527941e+02	2.471880e+01	2.607020e+01
1.100000e-02	1.200000e-02	4.343334e+02	2.294760e+01	2.417500e+01
1.200000e-02	1.300000e-02	4.152136e+02	2.130710e+01	2.244260e+01
1.300000e-02	1.400000e-02	3.959962e+02	1.977710e+01	2.081630e+01
1.400000e-02	1.600000e-02	3.682836e+02	1.767010e+01	1.856220e+01
1.600000e-02	1.800000e-02	3.338602e+02	1.524150e+01	1.595740e+01
4.500000e-02	5.000000e-02	1.014243e+02	2.695050e+00	2.698400e+00
5.000000e-02	5.500000e-02	8.777784e+01	2.170700e+00	2.163900e+00
5.500000e-02	6.000000e-02	7.662679e+01	1.767700e+00	1.752860e+00
6.000000e-02	6.500000e-02	6.748053e+01	1.453190e+00	1.426770e+00
6.500000e-02	7.000000e-02	5.984602e+01	1.205580e+00	1.175100e+00
7.000000e-02	7.500000e-02	5.340467e+01	1.007480e+00	9.739500e-01
7.500000e-02	8.000000e-02	4.789743e+01	8.437100e-01	8.077800e-01
8.000000e-02	8.500000e-02	4.319531e+01	7.024000e-01	6.608800e-01
8.500000e-02	9.000000e-02	3.910885e+01	5.860000e-01	5.435600e-01
9.000000e-02	1.000000e-01	3.396497e+01	4.433700e-01	4.010900e-01
1.000000e-01	1.100000e-01	2.838106e+01	2.970500e-01	2.548400e-01
1.100000e-01	1.200000e-01	2.395902e+01	1.900400e-01	1.499300e-01
1.200000e-01	1.300000e-01	2.039594e+01	1.108300e-01	7.416000e-02
1.300000e-01	1.400000e-01	1.750141e+01	5.231000e-02	1.729000e-02
1.400000e-01	1.500000e-01	1.511806e+01	2.491000e-02	0.000000e+00
1.500000e-01	1.600000e-01	1.312956e+01	5.569000e-02	2.587000e-02
1.600000e-01	1.800000e-01	1.076365e+01	8.554000e-02	5.927000e-02
1.800000e-01	2.000000e-01	8.348301e+00	1.088230e-01	8.691900e-02
2.000000e-01	2.500000e-01	5.601323e+00	1.215300e-01	1.064900e-01
2.500000e-01	3.000000e-01	3.261378e+00	1.148440e-01	1.066510e-01
3.000000e-01	4.000000e-01	1.608113e+00	8.852200e-02	8.618000e-02
4.000000e-01	6.000000e-01	4.542941e-01	4.417220e-02	4.597000e-02
6.000000e-01	8.000000e-01	7.384752e-02	1.343746e-02	1.549152e-02
# END HISTO1D

# BEGIN HISTO1D //media/adil/70aa4125-8ea2-43be-afcf-88b43c0b7507/adil/Work/QCD_DM@LEP/New_plots/T2.yoda/ALEPH_1996_S3486095/d25-x01-y01
ErrorBandColor=blue!30!white
ErrorBandOpacity=0.4
ErrorBandStyle=hlines
ErrorBands=1
ErrorTubeLineColor=blue!50!white
ErrorTubes=1
ErrorType=env
LineColor=blue!80!black
LineStyle=solid
LineWidth=1.5pt
Path=//media/adil/70aa4125-8ea2-43be-afcf-88b43c0b7507/adil/Work/QCD_DM@LEP/New_plots/T2.yoda/ALEPH_1996_S3486095/d25-x01-y01
Title=\texttt{T2}
# xlow	 xhigh	 val	 errminus	 errplus
5.000000e-03	5.500000e-03	4.605730e+02	2.502250e+01	4.235640e+01
5.500000e-03	6.000000e-03	4.744594e+02	2.666720e+01	4.150960e+01
6.000000e-03	6.500000e-03	4.830744e+02	2.778750e+01	4.027130e+01
6.500000e-03	7.000000e-03	4.873367e+02	2.837370e+01	3.914860e+01
7.000000e-03	7.500000e-03	4.883575e+02	2.860460e+01	3.780990e+01
7.500000e-03	8.000000e-03	4.866181e+02	2.863900e+01	3.638210e+01
8.000000e-03	8.500000e-03	4.828857e+02	2.851510e+01	3.470960e+01
8.500000e-03	9.000000e-03	4.769609e+02	2.800290e+01	3.336130e+01
9.000000e-03	9.500000e-03	4.702504e+02	2.757260e+01	3.163960e+01
9.500000e-03	1.000000e-02	4.622755e+02	2.688060e+01	3.027130e+01
1.000000e-02	1.100000e-02	4.491949e+02	2.573280e+01	2.821560e+01
1.100000e-02	1.200000e-02	4.303800e+02	2.397040e+01	2.581660e+01
1.200000e-02	1.300000e-02	4.109729e+02	2.206900e+01	2.383310e+01
1.300000e-02	1.400000e-02	3.915585e+02	2.013560e+01	2.215400e+01
1.400000e-02	1.600000e-02	3.637558e+02	1.750340e+01	1.988120e+01
1.600000e-02	1.800000e-02	3.293559e+02	1.436900e+01	1.745490e+01
4.500000e-02	5.000000e-02	9.997902e+01	1.012960e+00	4.108780e+00
5.000000e-02	5.500000e-02	8.655810e+01	7.218900e-01	3.361200e+00
5.500000e-02	6.000000e-02	7.558903e+01	4.800600e-01	2.800760e+00
6.000000e-02	6.500000e-02	6.659089e+01	3.293900e-01	2.328980e+00
6.500000e-02	7.000000e-02	5.907677e+01	2.128800e-01	1.956250e+00
7.000000e-02	7.500000e-02	5.273524e+01	1.199900e-01	1.662170e+00
7.500000e-02	8.000000e-02	4.731758e+01	5.293000e-02	1.412710e+00
8.000000e-02	8.500000e-02	4.269648e+01	1.466000e-02	1.177070e+00
8.500000e-02	9.000000e-02	3.867323e+01	0.000000e+00	9.937600e-01
9.000000e-02	1.000000e-01	3.361299e+01	0.000000e+00	7.651000e-01
1.000000e-01	1.100000e-01	2.811842e+01	0.000000e+00	5.204700e-01
1.100000e-01	1.200000e-01	2.376377e+01	0.000000e+00	3.450700e-01
1.200000e-01	1.300000e-01	2.025261e+01	0.000000e+00	2.203400e-01
1.300000e-01	1.400000e-01	1.739757e+01	0.000000e+00	1.262100e-01
1.400000e-01	1.500000e-01	1.504618e+01	0.000000e+00	1.231700e-01
1.500000e-01	1.600000e-01	1.308133e+01	1.343000e-02	1.226000e-01
1.600000e-01	1.800000e-01	1.074222e+01	6.714000e-02	1.204700e-01
1.800000e-01	2.000000e-01	8.350563e+00	1.136950e-01	1.122920e-01
2.000000e-01	2.500000e-01	5.624028e+00	1.419440e-01	9.974000e-02
2.500000e-01	3.000000e-01	3.292971e+00	1.400570e-01	8.179800e-02
3.000000e-01	4.000000e-01	1.635697e+00	1.083080e-01	5.985600e-02
4.000000e-01	6.000000e-01	4.689274e-01	5.491110e-02	2.875420e-02
6.000000e-01	8.000000e-01	7.863465e-02	1.789816e-02	8.248310e-03
# END HISTO1D


# BEGIN HISTO1D /T10.yoda/ALEPH_1996_S3486095/d25-x01-y01
ErrorBandColor=yellow
ErrorBandOpacity=0.1
ErrorBands=1
ErrorTubeLineColor=yellow!50!black
ErrorTubeLineStyle=solid
ErrorTubes=1
ErrorType=env
LegendOrder=15
LineColor=yellow!50!black
LineStyle=dashdotted
LineWidth=1.5pt
Title=\texttt{T3}
Path=/T10.yoda/ALEPH_1996_S3486095/d25-x01-y01
# xlow	 xhigh	 val	 errminus	 errplus
5.000000e-03	5.500000e-03	4.231640e+02	0.000000e+00	3.123300e+01
5.500000e-03	6.000000e-03	4.370100e+02	0.000000e+00	3.214500e+01
6.000000e-03	6.500000e-03	4.473750e+02	0.000000e+00	3.168100e+01
6.500000e-03	7.000000e-03	4.527330e+02	0.000000e+00	3.348800e+01
7.000000e-03	7.500000e-03	4.562220e+02	0.000000e+00	3.061600e+01
7.500000e-03	8.000000e-03	4.561790e+02	0.000000e+00	3.124800e+01
8.000000e-03	8.500000e-03	4.537440e+02	0.000000e+00	3.161300e+01
8.500000e-03	9.000000e-03	4.493040e+02	0.000000e+00	2.987000e+01
9.000000e-03	9.500000e-03	4.439050e+02	0.000000e+00	2.795900e+01
9.500000e-03	1.000000e-02	4.381470e+02	0.000000e+00	2.973300e+01
1.000000e-02	1.100000e-02	4.278755e+02	0.000000e+00	2.524050e+01
1.100000e-02	1.200000e-02	4.122290e+02	0.000000e+00	2.302400e+01
1.200000e-02	1.300000e-02	3.942400e+02	0.000000e+00	2.146900e+01
1.300000e-02	1.400000e-02	3.774500e+02	0.000000e+00	1.938550e+01
1.400000e-02	1.600000e-02	3.516045e+02	5.312500e-01	1.674800e+01
1.600000e-02	1.800000e-02	3.193343e+02	1.453000e+00	1.315850e+01
4.500000e-02	5.000000e-02	9.870050e+01	1.049500e+00	1.715500e+00
5.000000e-02	5.500000e-02	8.538030e+01	6.768000e-01	1.510200e+00
5.500000e-02	6.000000e-02	7.478870e+01	7.106000e-01	9.876000e-01
6.000000e-02	6.500000e-02	6.605260e+01	7.573000e-01	8.750000e-01
6.500000e-02	7.000000e-02	5.865280e+01	5.876000e-01	5.956000e-01
7.000000e-02	7.500000e-02	5.244020e+01	5.821000e-01	3.687000e-01
7.500000e-02	8.000000e-02	4.709180e+01	5.506000e-01	4.072000e-01
8.000000e-02	8.500000e-02	4.258670e+01	5.563000e-01	3.585000e-01
8.500000e-02	9.000000e-02	3.850480e+01	3.284000e-01	2.555000e-01
9.000000e-02	1.000000e-01	3.358670e+01	2.996500e-01	1.987000e-01
1.000000e-01	1.100000e-01	2.814015e+01	2.578000e-01	1.581000e-01
1.100000e-01	1.200000e-01	2.386690e+01	2.039500e-01	2.540000e-02
1.200000e-01	1.300000e-01	2.047455e+01	2.224500e-01	0.000000e+00
1.300000e-01	1.400000e-01	1.759965e+01	2.058500e-01	0.000000e+00
1.400000e-01	1.500000e-01	1.523475e+01	1.030500e-01	0.000000e+00
1.500000e-01	1.600000e-01	1.326575e+01	1.442000e-01	0.000000e+00
1.600000e-01	1.800000e-01	1.091823e+01	8.887500e-02	0.000000e+00
1.800000e-01	2.000000e-01	8.541125e+00	1.092750e-01	0.000000e+00
2.000000e-01	2.500000e-01	5.781750e+00	9.460000e-02	0.000000e+00
2.500000e-01	3.000000e-01	3.407800e+00	9.711000e-02	5.690000e-03
3.000000e-01	4.000000e-01	1.698890e+00	7.402000e-02	1.323500e-02
4.000000e-01	6.000000e-01	4.824175e-01	3.659250e-02	1.137000e-02
6.000000e-01	8.000000e-01	7.843750e-02	9.347500e-03	5.375000e-03
# END HISTO1D

