# BEGIN PLOT
LegendOnly=/ALEPH_1996_S3486095/d03-x01-y01 //media/adil/70aa4125-8ea2-43be-afcf-88b43c0b7507/adil/Work/QCD_events/Monash.yoda/ALEPH_1996_S3486095/d03-x01-y01 //media/adil/70aa4125-8ea2-43be-afcf-88b43c0b7507/adil/Work/QCD_events/RhoDown.yoda/ALEPH_1996_S3486095/d03-x01-y01 //media/adil/70aa4125-8ea2-43be-afcf-88b43c0b7507/adil/Work/QCD_events/RhoUp.yoda/ALEPH_1996_S3486095/d03-x01-y01 //media/adil/70aa4125-8ea2-43be-afcf-88b43c0b7507/adil/Work/QCD_events/EtaDown.yoda/ALEPH_1996_S3486095/d03-x01-y01 //media/adil/70aa4125-8ea2-43be-afcf-88b43c0b7507/adil/Work/QCD_events/EtaUp.yoda/ALEPH_1996_S3486095/d03-x01-y01
XLabel=$1-T$
RatioPlotReference=/ALEPH_1996_S3486095/d03-x01-y01
YLabel=$1/N \, \text{d}{N}/\text{d}{(1-T)}$
Title=1-Thrust, $1-T$ (charged)
DrawOnly=/ALEPH_1996_S3486095/d03-x01-y01 //media/adil/70aa4125-8ea2-43be-afcf-88b43c0b7507/adil/Work/QCD_events/Monash.yoda/ALEPH_1996_S3486095/d03-x01-y01 //media/adil/70aa4125-8ea2-43be-afcf-88b43c0b7507/adil/Work/QCD_events/RhoDown.yoda/ALEPH_1996_S3486095/d03-x01-y01 //media/adil/70aa4125-8ea2-43be-afcf-88b43c0b7507/adil/Work/QCD_events/RhoUp.yoda/ALEPH_1996_S3486095/d03-x01-y01 //media/adil/70aa4125-8ea2-43be-afcf-88b43c0b7507/adil/Work/QCD_events/EtaDown.yoda/ALEPH_1996_S3486095/d03-x01-y01 //media/adil/70aa4125-8ea2-43be-afcf-88b43c0b7507/adil/Work/QCD_events/EtaUp.yoda/ALEPH_1996_S3486095/d03-x01-y01
RatioPlot=1
FullRange=1
Legend=1
LogY=1
# END PLOT

# BEGIN HISTO1D /ALEPH_1996_S3486095/d03-x01-y01
ConnectBins=0
ErrorBars=1
IsRef=1
Path=/ALEPH_1996_S3486095/d03-x01-y01
PolyMarker=*
Title=Data
# xlow	 xhigh	 val	 errminus	 errplus
0.000000e+00	5.000000e-03	1.017000e+00	1.793544e-01	1.793544e-01
5.000000e-03	1.000000e-02	6.035000e+00	2.773085e-01	2.773085e-01
1.000000e-02	1.500000e-02	1.244000e+01	2.340940e-01	2.340940e-01
1.500000e-02	2.000000e-02	1.607000e+01	2.376973e-01	2.376973e-01
2.000000e-02	2.500000e-02	1.645000e+01	2.751363e-01	2.751363e-01
2.500000e-02	3.000000e-02	1.525000e+01	2.340940e-01	2.340940e-01
3.000000e-02	3.500000e-02	1.338000e+01	1.788854e-01	1.788854e-01
3.500000e-02	4.000000e-02	1.158000e+01	1.389244e-01	1.389244e-01
4.000000e-02	5.000000e-02	9.346000e+00	1.104943e-01	1.104943e-01
5.000000e-02	6.000000e-02	7.159000e+00	8.635392e-02	8.635392e-02
6.000000e-02	8.000000e-02	5.088000e+00	6.132699e-02	6.132699e-02
8.000000e-02	1.000000e-01	3.427000e+00	4.472136e-02	4.472136e-02
1.000000e-01	1.200000e-01	2.482000e+00	4.071855e-02	4.071855e-02
1.200000e-01	1.400000e-01	1.847000e+00	4.085340e-02	4.085340e-02
1.400000e-01	1.600000e-01	1.390000e+00	3.546830e-02	3.546830e-02
1.600000e-01	1.800000e-01	1.072000e+00	2.731300e-02	2.731300e-02
1.800000e-01	2.000000e-01	8.465000e-01	2.209457e-02	2.209457e-02
2.000000e-01	2.500000e-01	5.661000e-01	1.322309e-02	1.322309e-02
2.500000e-01	3.000000e-01	3.065000e-01	6.545991e-03	6.545991e-03
3.000000e-01	3.500000e-01	1.248000e-01	3.061046e-03	3.061046e-03
3.500000e-01	4.000000e-01	1.840000e-02	2.236068e-03	2.236068e-03
# END HISTO1D

# BEGIN HISTO1D //media/adil/70aa4125-8ea2-43be-afcf-88b43c0b7507/adil/Work/QCD_events/Monash.yoda/ALEPH_1996_S3486095/d03-x01-y01
IsRef=1
LineColor=red
LineStyle=solid
LineWidth=1.3pt
Path=//media/adil/70aa4125-8ea2-43be-afcf-88b43c0b7507/adil/Work/QCD_events/Monash.yoda/ALEPH_1996_S3486095/d03-x01-y01
ScaledBy=4.99999999999999977e-07
Title=nominal
XLabel=
YLabel=
# xlow	 xhigh	 val	 errminus	 errplus
0.000000e+00	5.000000e-03	1.037400e+00	1.018528e-02	1.018528e-02
5.000000e-03	1.000000e-02	5.939400e+00	2.437088e-02	2.437088e-02
1.000000e-02	1.500000e-02	1.176100e+01	3.429431e-02	3.429431e-02
1.500000e-02	2.000000e-02	1.500170e+01	3.873203e-02	3.873203e-02
2.000000e-02	2.500000e-02	1.565620e+01	3.956792e-02	3.956792e-02
2.500000e-02	3.000000e-02	1.476380e+01	3.842369e-02	3.842369e-02
3.000000e-02	3.500000e-02	1.327000e+01	3.642801e-02	3.642801e-02
3.500000e-02	4.000000e-02	1.167680e+01	3.417133e-02	3.417133e-02
4.000000e-02	5.000000e-02	9.619450e+00	2.193109e-02	2.193109e-02
5.000000e-02	6.000000e-02	7.441350e+00	1.928905e-02	1.928905e-02
6.000000e-02	8.000000e-02	5.331375e+00	1.154489e-02	1.154489e-02
8.000000e-02	1.000000e-01	3.586300e+00	9.468764e-03	9.468764e-03
1.000000e-01	1.200000e-01	2.538250e+00	7.965943e-03	7.965943e-03
1.200000e-01	1.400000e-01	1.860200e+00	6.819457e-03	6.819457e-03
1.400000e-01	1.600000e-01	1.411950e+00	5.941275e-03	5.941275e-03
1.600000e-01	1.800000e-01	1.078575e+00	5.192723e-03	5.192723e-03
1.800000e-01	2.000000e-01	8.451000e-01	4.596466e-03	4.596466e-03
2.000000e-01	2.500000e-01	5.619400e-01	2.370527e-03	2.370527e-03
2.500000e-01	3.000000e-01	3.073400e-01	1.753112e-03	1.753112e-03
3.000000e-01	3.500000e-01	1.267700e-01	1.125922e-03	1.125922e-03
3.500000e-01	4.000000e-01	1.946000e-02	4.411349e-04	4.411349e-04
# END HISTO1D

# BEGIN HISTO1D //media/adil/70aa4125-8ea2-43be-afcf-88b43c0b7507/adil/Work/QCD_events/RhoDown.yoda/ALEPH_1996_S3486095/d03-x01-y01
IsRef=1
LineColor=red
LineStyle=dashed
LineWidth=1.3pt
Path=//media/adil/70aa4125-8ea2-43be-afcf-88b43c0b7507/adil/Work/QCD_events/RhoDown.yoda/ALEPH_1996_S3486095/d03-x01-y01
ScaledBy=4.99999999999999977e-07
Title=$\Delta\rho=-10\%$
XLabel=
YLabel=
# xlow	 xhigh	 val	 errminus	 errplus
0.000000e+00	5.000000e-03	1.071700e+00	1.035229e-02	1.035229e-02
5.000000e-03	1.000000e-02	6.038400e+00	2.457316e-02	2.457316e-02
1.000000e-02	1.500000e-02	1.182040e+01	3.438081e-02	3.438081e-02
1.500000e-02	2.000000e-02	1.501930e+01	3.875474e-02	3.875474e-02
2.000000e-02	2.500000e-02	1.569280e+01	3.961414e-02	3.961414e-02
2.500000e-02	3.000000e-02	1.480570e+01	3.847818e-02	3.847818e-02
3.000000e-02	3.500000e-02	1.323390e+01	3.637843e-02	3.637843e-02
3.500000e-02	4.000000e-02	1.165360e+01	3.413737e-02	3.413737e-02
4.000000e-02	5.000000e-02	9.609250e+00	2.191945e-02	2.191945e-02
5.000000e-02	6.000000e-02	7.431700e+00	1.927654e-02	1.927654e-02
6.000000e-02	8.000000e-02	5.319725e+00	1.153226e-02	1.153226e-02
8.000000e-02	1.000000e-01	3.561175e+00	9.435538e-03	9.435538e-03
1.000000e-01	1.200000e-01	2.517150e+00	7.932764e-03	7.932764e-03
1.200000e-01	1.400000e-01	1.854025e+00	6.808129e-03	6.808129e-03
1.400000e-01	1.600000e-01	1.407900e+00	5.932748e-03	5.932748e-03
1.600000e-01	1.800000e-01	1.088375e+00	5.216261e-03	5.216261e-03
1.800000e-01	2.000000e-01	8.570500e-01	4.628850e-03	4.628850e-03
2.000000e-01	2.500000e-01	5.650700e-01	2.377120e-03	2.377120e-03
2.500000e-01	3.000000e-01	3.025000e-01	1.739253e-03	1.739253e-03
3.000000e-01	3.500000e-01	1.283300e-01	1.132828e-03	1.132828e-03
3.500000e-01	4.000000e-01	1.922000e-02	4.384062e-04	4.384062e-04
# END HISTO1D

# BEGIN HISTO1D //media/adil/70aa4125-8ea2-43be-afcf-88b43c0b7507/adil/Work/QCD_events/RhoUp.yoda/ALEPH_1996_S3486095/d03-x01-y01
IsRef=1
LineColor=red
LineStyle=dotdashed
LineWidth=1.3pt
Path=//media/adil/70aa4125-8ea2-43be-afcf-88b43c0b7507/adil/Work/QCD_events/RhoUp.yoda/ALEPH_1996_S3486095/d03-x01-y01
ScaledBy=4.99999999999999977e-07
Title=$\Delta\rho=+10\%$
XLabel=
YLabel=
# xlow	 xhigh	 val	 errminus	 errplus
0.000000e+00	5.000000e-03	1.007100e+00	1.003544e-02	1.003544e-02
5.000000e-03	1.000000e-02	5.895700e+00	2.428106e-02	2.428106e-02
1.000000e-02	1.500000e-02	1.167880e+01	3.417426e-02	3.417426e-02
1.500000e-02	2.000000e-02	1.503810e+01	3.877899e-02	3.877899e-02
2.000000e-02	2.500000e-02	1.569880e+01	3.962171e-02	3.962171e-02
2.500000e-02	3.000000e-02	1.483780e+01	3.851987e-02	3.851987e-02
3.000000e-02	3.500000e-02	1.330590e+01	3.647725e-02	3.647725e-02
3.500000e-02	4.000000e-02	1.166350e+01	3.415187e-02	3.415187e-02
4.000000e-02	5.000000e-02	9.600550e+00	2.190953e-02	2.190953e-02
5.000000e-02	6.000000e-02	7.473750e+00	1.933100e-02	1.933100e-02
6.000000e-02	8.000000e-02	5.309050e+00	1.152069e-02	1.152069e-02
8.000000e-02	1.000000e-01	3.573350e+00	9.451653e-03	9.451653e-03
1.000000e-01	1.200000e-01	2.531225e+00	7.954912e-03	7.954912e-03
1.200000e-01	1.400000e-01	1.858900e+00	6.817074e-03	6.817074e-03
1.400000e-01	1.600000e-01	1.418700e+00	5.955460e-03	5.955460e-03
1.600000e-01	1.800000e-01	1.092350e+00	5.225777e-03	5.225777e-03
1.800000e-01	2.000000e-01	8.474000e-01	4.602717e-03	4.602717e-03
2.000000e-01	2.500000e-01	5.652400e-01	2.377478e-03	2.377478e-03
2.500000e-01	3.000000e-01	3.052400e-01	1.747112e-03	1.747112e-03
3.000000e-01	3.500000e-01	1.286300e-01	1.134152e-03	1.134152e-03
3.500000e-01	4.000000e-01	1.991000e-02	4.462062e-04	4.462062e-04
# END HISTO1D

# BEGIN HISTO1D //media/adil/70aa4125-8ea2-43be-afcf-88b43c0b7507/adil/Work/QCD_events/EtaDown.yoda/ALEPH_1996_S3486095/d03-x01-y01
IsRef=1
LineColor=blue
LineStyle=dashed
LineWidth=1.3pt
Path=//media/adil/70aa4125-8ea2-43be-afcf-88b43c0b7507/adil/Work/QCD_events/EtaDown.yoda/ALEPH_1996_S3486095/d03-x01-y01
ScaledBy=5.00000750001125017e-07
Title=$\Delta\eta=-10\%$
XLabel=
YLabel=
# xlow	 xhigh	 val	 errminus	 errplus
0.000000e+00	5.000000e-03	1.021202e+00	1.010546e-02	1.010546e-02
5.000000e-03	1.000000e-02	5.930508e+00	2.435265e-02	2.435265e-02
1.000000e-02	1.500000e-02	1.168942e+01	3.418982e-02	3.418982e-02
1.500000e-02	2.000000e-02	1.498612e+01	3.871194e-02	3.871194e-02
2.000000e-02	2.500000e-02	1.568042e+01	3.959855e-02	3.959855e-02
2.500000e-02	3.000000e-02	1.478032e+01	3.844521e-02	3.844521e-02
3.000000e-02	3.500000e-02	1.330302e+01	3.647333e-02	3.647333e-02
3.500000e-02	4.000000e-02	1.173662e+01	3.425877e-02	3.425877e-02
4.000000e-02	5.000000e-02	9.608714e+00	2.191886e-02	2.191886e-02
5.000000e-02	6.000000e-02	7.427861e+00	1.927157e-02	1.927157e-02
6.000000e-02	8.000000e-02	5.320310e+00	1.153291e-02	1.153291e-02
8.000000e-02	1.000000e-01	3.583905e+00	9.465610e-03	9.465610e-03
1.000000e-01	1.200000e-01	2.530054e+00	7.953078e-03	7.953078e-03
1.200000e-01	1.400000e-01	1.868828e+00	6.835260e-03	6.835260e-03
1.400000e-01	1.600000e-01	1.416102e+00	5.950008e-03	5.950008e-03
1.600000e-01	1.800000e-01	1.086277e+00	5.211233e-03	5.211233e-03
1.800000e-01	2.000000e-01	8.480515e-01	4.604488e-03	4.604488e-03
2.000000e-01	2.500000e-01	5.645808e-01	2.376093e-03	2.376093e-03
2.500000e-01	3.000000e-01	3.060404e-01	1.749403e-03	1.749403e-03
3.000000e-01	3.500000e-01	1.274902e-01	1.129116e-03	1.129116e-03
3.500000e-01	4.000000e-01	1.952003e-02	4.418151e-04	4.418151e-04
# END HISTO1D

# BEGIN HISTO1D //media/adil/70aa4125-8ea2-43be-afcf-88b43c0b7507/adil/Work/QCD_events/EtaUp.yoda/ALEPH_1996_S3486095/d03-x01-y01
IsRef=1
LineColor=blue
LineStyle=dotdashed
LineWidth=1.3pt$
Path=//media/adil/70aa4125-8ea2-43be-afcf-88b43c0b7507/adil/Work/QCD_events/EtaUp.yoda/ALEPH_1996_S3486095/d03-x01-y01
ScaledBy=5.00000250000124975e-07
Title=$\Delta\eta=+10\%$
XLabel=
YLabel=
# xlow	 xhigh	 val	 errminus	 errplus
0.000000e+00	5.000000e-03	1.047001e+00	1.023231e-02	1.023231e-02
5.000000e-03	1.000000e-02	5.996202e+00	2.448715e-02	2.448715e-02
1.000000e-02	1.500000e-02	1.173221e+01	3.425232e-02	3.425232e-02
1.500000e-02	2.000000e-02	1.497121e+01	3.869266e-02	3.869266e-02
2.000000e-02	2.500000e-02	1.565741e+01	3.956945e-02	3.956945e-02
2.500000e-02	3.000000e-02	1.480861e+01	3.848196e-02	3.848196e-02
3.000000e-02	3.500000e-02	1.324961e+01	3.640002e-02	3.640002e-02
3.500000e-02	4.000000e-02	1.174601e+01	3.427246e-02	3.427246e-02
4.000000e-02	5.000000e-02	9.640805e+00	2.195542e-02	2.195542e-02
5.000000e-02	6.000000e-02	7.439804e+00	1.928705e-02	1.928705e-02
6.000000e-02	8.000000e-02	5.325505e+00	1.153853e-02	1.153853e-02
8.000000e-02	1.000000e-01	3.562027e+00	9.436669e-03	9.436669e-03
1.000000e-01	1.200000e-01	2.520327e+00	7.937770e-03	7.937770e-03
1.200000e-01	1.400000e-01	1.868526e+00	6.834704e-03	6.834704e-03
1.400000e-01	1.600000e-01	1.411951e+00	5.941277e-03	5.941277e-03
1.600000e-01	1.800000e-01	1.086276e+00	5.211228e-03	5.211228e-03
1.800000e-01	2.000000e-01	8.447505e-01	4.595516e-03	4.595516e-03
2.000000e-01	2.500000e-01	5.633502e-01	2.373500e-03	2.373500e-03
2.500000e-01	3.000000e-01	3.046502e-01	1.745424e-03	1.745424e-03
3.000000e-01	3.500000e-01	1.273001e-01	1.128274e-03	1.128274e-03
3.500000e-01	4.000000e-01	1.892001e-02	4.349715e-04	4.349715e-04
# END HISTO1D

