# BEGIN PLOT
LegendOnly=/ALEPH_1996_S3486095/d09-x01-y01 //media/adil/70aa4125-8ea2-43be-afcf-88b43c0b7507/adil/Work/QCD_events/Monash.yoda/ALEPH_1996_S3486095/d09-x01-y01 //media/adil/70aa4125-8ea2-43be-afcf-88b43c0b7507/adil/Work/QCD_events/RhoDown.yoda/ALEPH_1996_S3486095/d09-x01-y01 //media/adil/70aa4125-8ea2-43be-afcf-88b43c0b7507/adil/Work/QCD_events/RhoUp.yoda/ALEPH_1996_S3486095/d09-x01-y01 //media/adil/70aa4125-8ea2-43be-afcf-88b43c0b7507/adil/Work/QCD_events/EtaDown.yoda/ALEPH_1996_S3486095/d09-x01-y01 //media/adil/70aa4125-8ea2-43be-afcf-88b43c0b7507/adil/Work/QCD_events/EtaUp.yoda/ALEPH_1996_S3486095/d09-x01-y01
XLabel=$x_p$
RatioPlotReference=/ALEPH_1996_S3486095/d09-x01-y01
YLabel=$1/\sigma \, \text{d}{\sigma}/\text{d}{x_p}$
Title=Scaled momentum, $x_p = |p|/|p_\text{beam}|$ (charged)
DrawOnly=/ALEPH_1996_S3486095/d09-x01-y01 //media/adil/70aa4125-8ea2-43be-afcf-88b43c0b7507/adil/Work/QCD_events/Monash.yoda/ALEPH_1996_S3486095/d09-x01-y01 //media/adil/70aa4125-8ea2-43be-afcf-88b43c0b7507/adil/Work/QCD_events/RhoDown.yoda/ALEPH_1996_S3486095/d09-x01-y01 //media/adil/70aa4125-8ea2-43be-afcf-88b43c0b7507/adil/Work/QCD_events/RhoUp.yoda/ALEPH_1996_S3486095/d09-x01-y01 //media/adil/70aa4125-8ea2-43be-afcf-88b43c0b7507/adil/Work/QCD_events/EtaDown.yoda/ALEPH_1996_S3486095/d09-x01-y01 //media/adil/70aa4125-8ea2-43be-afcf-88b43c0b7507/adil/Work/QCD_events/EtaUp.yoda/ALEPH_1996_S3486095/d09-x01-y01
RatioPlot=1
FullRange=1
Legend=1
LogY=1
# END PLOT

# BEGIN HISTO1D /ALEPH_1996_S3486095/d09-x01-y01
ConnectBins=0
ErrorBars=1
IsRef=1
Path=/ALEPH_1996_S3486095/d09-x01-y01
PolyMarker=*
Title=Data
# xlow	 xhigh	 val	 errminus	 errplus
4.000000e-03	6.000000e-03	4.786000e+02	4.801260e+01	4.801260e+01
6.000000e-03	8.000000e-03	5.358000e+02	6.873136e+00	6.873136e+00
8.000000e-03	1.000000e-02	5.130000e+02	4.609772e+00	4.609772e+00
1.000000e-02	1.200000e-02	4.786000e+02	3.420526e+00	3.420526e+00
1.200000e-02	1.400000e-02	4.402000e+02	2.846050e+00	2.846050e+00
1.400000e-02	1.600000e-02	4.031000e+02	2.247221e+00	2.247221e+00
1.600000e-02	1.800000e-02	3.644000e+02	1.700000e+00	1.700000e+00
1.800000e-02	2.000000e-02	3.295000e+02	1.303840e+00	1.303840e+00
2.000000e-02	2.500000e-02	2.872000e+02	1.300000e+00	1.300000e+00
2.500000e-02	3.000000e-02	2.373000e+02	1.077033e+00	1.077033e+00
3.000000e-02	3.500000e-02	1.981000e+02	8.944272e-01	8.944272e-01
3.500000e-02	4.000000e-02	1.687000e+02	8.544004e-01	8.544004e-01
4.000000e-02	4.500000e-02	1.454000e+02	7.615773e-01	7.615773e-01
4.500000e-02	5.000000e-02	1.270000e+02	6.708204e-01	6.708204e-01
5.000000e-02	6.000000e-02	1.054000e+02	5.385165e-01	5.385165e-01
6.000000e-02	7.000000e-02	8.345000e+01	4.681880e-01	4.681880e-01
7.000000e-02	8.000000e-02	6.812000e+01	3.992493e-01	3.992493e-01
8.000000e-02	9.000000e-02	5.628000e+01	3.453983e-01	3.453983e-01
9.000000e-02	1.000000e-01	4.761000e+01	3.138471e-01	3.138471e-01
1.000000e-01	1.100000e-01	4.031000e+01	3.008322e-01	3.008322e-01
1.100000e-01	1.200000e-01	3.446000e+01	2.973214e-01	2.973214e-01
1.200000e-01	1.300000e-01	2.984000e+01	2.692582e-01	2.692582e-01
1.300000e-01	1.400000e-01	2.607000e+01	2.376973e-01	2.376973e-01
1.400000e-01	1.600000e-01	2.126000e+01	1.897367e-01	1.897367e-01
1.600000e-01	1.800000e-01	1.662000e+01	1.486607e-01	1.486607e-01
1.800000e-01	2.000000e-01	1.321000e+01	1.208305e-01	1.208305e-01
2.000000e-01	2.250000e-01	1.034000e+01	8.944272e-02	8.944272e-02
2.250000e-01	2.500000e-01	7.920000e+00	7.021396e-02	7.021396e-02
2.500000e-01	2.750000e-01	6.197000e+00	5.643580e-02	5.643580e-02
2.750000e-01	3.000000e-01	4.889000e+00	4.802083e-02	4.802083e-02
3.000000e-01	3.250000e-01	3.845000e+00	3.966106e-02	3.966106e-02
3.250000e-01	3.500000e-01	3.055000e+00	3.551056e-02	3.551056e-02
3.500000e-01	3.750000e-01	2.476000e+00	3.847077e-02	3.847077e-02
3.750000e-01	4.000000e-01	1.978000e+00	4.215448e-02	4.215448e-02
4.000000e-01	4.300000e-01	1.550000e+00	4.301163e-02	4.301163e-02
4.300000e-01	4.600000e-01	1.212000e+00	3.764306e-02	3.764306e-02
4.600000e-01	4.900000e-01	9.375000e-01	2.900569e-02	2.900569e-02
4.900000e-01	5.200000e-01	7.318000e-01	2.085569e-02	2.085569e-02
5.200000e-01	5.500000e-01	5.672000e-01	1.589025e-02	1.589025e-02
5.500000e-01	6.000000e-01	4.022000e-01	1.095673e-02	1.095673e-02
6.000000e-01	6.500000e-01	2.602000e-01	7.547185e-03	7.547185e-03
6.500000e-01	7.000000e-01	1.721000e-01	5.500000e-03	5.500000e-03
7.000000e-01	7.500000e-01	1.064000e-01	3.828838e-03	3.828838e-03
7.500000e-01	8.000000e-01	5.870000e-02	2.624881e-03	2.624881e-03
8.000000e-01	9.000000e-01	2.620000e-02	1.700000e-03	1.700000e-03
9.000000e-01	1.000000e+00	4.700000e-03	9.486833e-04	9.486833e-04
# END HISTO1D

# BEGIN HISTO1D //media/adil/70aa4125-8ea2-43be-afcf-88b43c0b7507/adil/Work/QCD_events/Monash.yoda/ALEPH_1996_S3486095/d09-x01-y01
IsRef=1
LineColor=red
LineStyle=solid
LineWidth=1.3pt
Path=//media/adil/70aa4125-8ea2-43be-afcf-88b43c0b7507/adil/Work/QCD_events/Monash.yoda/ALEPH_1996_S3486095/d09-x01-y01
ScaledBy=4.99999999999999977e-07
Title=nominal
XLabel=
YLabel=
# xlow	 xhigh	 val	 errminus	 errplus
4.000000e-03	6.000000e-03	4.348500e+02	3.297158e-01	3.297158e-01
6.000000e-03	8.000000e-03	4.827795e+02	3.474117e-01	3.474117e-01
8.000000e-03	1.000000e-02	4.823365e+02	3.472522e-01	3.472522e-01
1.000000e-02	1.200000e-02	4.605735e+02	3.393278e-01	3.393278e-01
1.200000e-02	1.400000e-02	4.296200e+02	3.277270e-01	3.277270e-01
1.400000e-02	1.600000e-02	3.962877e+02	3.147570e-01	3.147570e-01
1.600000e-02	1.800000e-02	3.642815e+02	3.017787e-01	3.017787e-01
1.800000e-02	2.000000e-02	3.342972e+02	2.890922e-01	2.890922e-01
2.000000e-02	2.500000e-02	2.887494e+02	1.699263e-01	1.699263e-01
2.500000e-02	3.000000e-02	2.362604e+02	1.537076e-01	1.537076e-01
3.000000e-02	3.500000e-02	1.965527e+02	1.401972e-01	1.401972e-01
3.500000e-02	4.000000e-02	1.663109e+02	1.289616e-01	1.289616e-01
4.000000e-02	4.500000e-02	1.426744e+02	1.194464e-01	1.194464e-01
4.500000e-02	5.000000e-02	1.237916e+02	1.112617e-01	1.112617e-01
5.000000e-02	6.000000e-02	1.021646e+02	7.147188e-02	7.147188e-02
6.000000e-02	7.000000e-02	8.099565e+01	6.363790e-02	6.363790e-02
7.000000e-02	8.000000e-02	6.581475e+01	5.736495e-02	5.736495e-02
8.000000e-02	9.000000e-02	5.456400e+01	5.223217e-02	5.223217e-02
9.000000e-02	1.000000e-01	4.580505e+01	4.785659e-02	4.785659e-02
1.000000e-01	1.100000e-01	3.904050e+01	4.418173e-02	4.418173e-02
1.100000e-01	1.200000e-01	3.351900e+01	4.093837e-02	4.093837e-02
1.200000e-01	1.300000e-01	2.903445e+01	3.810148e-02	3.810148e-02
1.300000e-01	1.400000e-01	2.527715e+01	3.555077e-02	3.555077e-02
1.400000e-01	1.600000e-01	2.089243e+01	2.285412e-02	2.285412e-02
1.600000e-01	1.800000e-01	1.630655e+01	2.019068e-02	2.019068e-02
1.800000e-01	2.000000e-01	1.297477e+01	1.801025e-02	1.801025e-02
2.000000e-01	2.250000e-01	1.018418e+01	1.427177e-02	1.427177e-02
2.250000e-01	2.500000e-01	7.895720e+00	1.256640e-02	1.256640e-02
2.500000e-01	2.750000e-01	6.184560e+00	1.112165e-02	1.112165e-02
2.750000e-01	3.000000e-01	4.884440e+00	9.883764e-03	9.883764e-03
3.000000e-01	3.250000e-01	3.896660e+00	8.827978e-03	8.827978e-03
3.250000e-01	3.500000e-01	3.114740e+00	7.892705e-03	7.892705e-03
3.500000e-01	3.750000e-01	2.514360e+00	7.091347e-03	7.091347e-03
3.750000e-01	4.000000e-01	2.022900e+00	6.360660e-03	6.360660e-03
4.000000e-01	4.300000e-01	1.617783e+00	5.192596e-03	5.192596e-03
4.300000e-01	4.600000e-01	1.267233e+00	4.595711e-03	4.595711e-03
4.600000e-01	4.900000e-01	9.844333e-01	4.050583e-03	4.050583e-03
4.900000e-01	5.200000e-01	7.660167e-01	3.573086e-03	3.573086e-03
5.200000e-01	5.500000e-01	5.916667e-01	3.140241e-03	3.140241e-03
5.500000e-01	6.000000e-01	4.299700e-01	2.073572e-03	2.073572e-03
6.000000e-01	6.500000e-01	2.774400e-01	1.665653e-03	1.665653e-03
6.500000e-01	7.000000e-01	1.765000e-01	1.328533e-03	1.328533e-03
7.000000e-01	7.500000e-01	1.107500e-01	1.052378e-03	1.052378e-03
7.500000e-01	8.000000e-01	6.666000e-02	8.164558e-04	8.164558e-04
8.000000e-01	9.000000e-01	2.830000e-02	3.761649e-04	3.761649e-04
9.000000e-01	1.000000e+00	4.145000e-03	1.439618e-04	1.439618e-04
# END HISTO1D

# BEGIN HISTO1D //media/adil/70aa4125-8ea2-43be-afcf-88b43c0b7507/adil/Work/QCD_events/RhoDown.yoda/ALEPH_1996_S3486095/d09-x01-y01
IsRef=1
LineColor=red
LineStyle=dashed
LineWidth=1.3pt
Path=//media/adil/70aa4125-8ea2-43be-afcf-88b43c0b7507/adil/Work/QCD_events/RhoDown.yoda/ALEPH_1996_S3486095/d09-x01-y01
ScaledBy=5.00000000000000083e-07
Title=$\Delta\rho=-10\%$
XLabel=
YLabel=
# xlow	 xhigh	 val	 errminus	 errplus
4.000000e-03	6.000000e-03	4.301850e+02	3.279424e-01	3.279424e-01
6.000000e-03	8.000000e-03	4.773205e+02	3.454419e-01	3.454419e-01
8.000000e-03	1.000000e-02	4.777267e+02	3.455889e-01	3.455889e-01
1.000000e-02	1.200000e-02	4.563662e+02	3.377744e-01	3.377744e-01
1.200000e-02	1.400000e-02	4.256695e+02	3.262168e-01	3.262168e-01
1.400000e-02	1.600000e-02	3.930777e+02	3.134796e-01	3.134796e-01
1.600000e-02	1.800000e-02	3.618920e+02	3.007873e-01	3.007873e-01
1.800000e-02	2.000000e-02	3.323117e+02	2.882325e-01	2.882325e-01
2.000000e-02	2.500000e-02	2.869682e+02	1.694013e-01	1.694013e-01
2.500000e-02	3.000000e-02	2.348642e+02	1.532528e-01	1.532528e-01
3.000000e-02	3.500000e-02	1.955869e+02	1.398524e-01	1.398524e-01
3.500000e-02	4.000000e-02	1.658080e+02	1.287665e-01	1.287665e-01
4.000000e-02	4.500000e-02	1.421444e+02	1.192243e-01	1.192243e-01
4.500000e-02	5.000000e-02	1.232282e+02	1.110082e-01	1.110082e-01
5.000000e-02	6.000000e-02	1.018505e+02	7.136193e-02	7.136193e-02
6.000000e-02	7.000000e-02	8.077195e+01	6.354996e-02	6.354996e-02
7.000000e-02	8.000000e-02	6.569905e+01	5.731451e-02	5.731451e-02
8.000000e-02	9.000000e-02	5.438625e+01	5.214703e-02	5.214703e-02
9.000000e-02	1.000000e-01	4.567390e+01	4.778802e-02	4.778802e-02
1.000000e-01	1.100000e-01	3.903900e+01	4.418088e-02	4.418088e-02
1.100000e-01	1.200000e-01	3.348965e+01	4.092045e-02	4.092045e-02
1.200000e-01	1.300000e-01	2.899825e+01	3.807772e-02	3.807772e-02
1.300000e-01	1.400000e-01	2.519625e+01	3.549384e-02	3.549384e-02
1.400000e-01	1.600000e-01	2.084480e+01	2.282805e-02	2.282805e-02
1.600000e-01	1.800000e-01	1.631188e+01	2.019398e-02	2.019398e-02
1.800000e-01	2.000000e-01	1.293205e+01	1.798058e-02	1.798058e-02
2.000000e-01	2.250000e-01	1.018522e+01	1.427251e-02	1.427251e-02
2.250000e-01	2.500000e-01	7.890100e+00	1.256193e-02	1.256193e-02
2.500000e-01	2.750000e-01	6.185640e+00	1.112263e-02	1.112263e-02
2.750000e-01	3.000000e-01	4.885380e+00	9.884715e-03	9.884715e-03
3.000000e-01	3.250000e-01	3.887640e+00	8.817755e-03	8.817755e-03
3.250000e-01	3.500000e-01	3.118460e+00	7.897417e-03	7.897417e-03
3.500000e-01	3.750000e-01	2.532960e+00	7.117528e-03	7.117528e-03
3.750000e-01	4.000000e-01	2.038920e+00	6.385797e-03	6.385797e-03
4.000000e-01	4.300000e-01	1.619333e+00	5.195083e-03	5.195083e-03
4.300000e-01	4.600000e-01	1.271217e+00	4.602928e-03	4.602928e-03
4.600000e-01	4.900000e-01	9.801667e-01	4.041796e-03	4.041796e-03
4.900000e-01	5.200000e-01	7.695500e-01	3.581317e-03	3.581317e-03
5.200000e-01	5.500000e-01	5.992333e-01	3.160257e-03	3.160257e-03
5.500000e-01	6.000000e-01	4.320200e-01	2.078509e-03	2.078509e-03
6.000000e-01	6.500000e-01	2.757500e-01	1.660572e-03	1.660572e-03
6.500000e-01	7.000000e-01	1.815700e-01	1.347479e-03	1.347479e-03
7.000000e-01	7.500000e-01	1.110500e-01	1.053803e-03	1.053803e-03
7.500000e-01	8.000000e-01	6.725000e-02	8.200610e-04	8.200610e-04
8.000000e-01	9.000000e-01	2.844500e-02	3.771273e-04	3.771273e-04
9.000000e-01	1.000000e+00	3.955000e-03	1.406236e-04	1.406236e-04
# END HISTO1D

# BEGIN HISTO1D //media/adil/70aa4125-8ea2-43be-afcf-88b43c0b7507/adil/Work/QCD_events/RhoUp.yoda/ALEPH_1996_S3486095/d09-x01-y01
IsRef=1
LineColor=red
LineStyle=dotdashed
LineWidth=1.3pt
Path=//media/adil/70aa4125-8ea2-43be-afcf-88b43c0b7507/adil/Work/QCD_events/RhoUp.yoda/ALEPH_1996_S3486095/d09-x01-y01
ScaledBy=4.99999999999999977e-07
Title=$\Delta\rho=+10\%$
XLabel=
YLabel=
# xlow	 xhigh	 val	 errminus	 errplus
4.000000e-03	6.000000e-03	4.384290e+02	3.310699e-01	3.310699e-01
6.000000e-03	8.000000e-03	4.869785e+02	3.489192e-01	3.489192e-01
8.000000e-03	1.000000e-02	4.866490e+02	3.488012e-01	3.488012e-01
1.000000e-02	1.200000e-02	4.639380e+02	3.405650e-01	3.405650e-01
1.200000e-02	1.400000e-02	4.329647e+02	3.290003e-01	3.290003e-01
1.400000e-02	1.600000e-02	3.992272e+02	3.159221e-01	3.159221e-01
1.600000e-02	1.800000e-02	3.668305e+02	3.028327e-01	3.028327e-01
1.800000e-02	2.000000e-02	3.358942e+02	2.897819e-01	2.897819e-01
2.000000e-02	2.500000e-02	2.902302e+02	1.703614e-01	1.703614e-01
2.500000e-02	3.000000e-02	2.371400e+02	1.539935e-01	1.539935e-01
3.000000e-02	3.500000e-02	1.973281e+02	1.404735e-01	1.404735e-01
3.500000e-02	4.000000e-02	1.670266e+02	1.292388e-01	1.292388e-01
4.000000e-02	4.500000e-02	1.430890e+02	1.196198e-01	1.196198e-01
4.500000e-02	5.000000e-02	1.242256e+02	1.114565e-01	1.114565e-01
5.000000e-02	6.000000e-02	1.025349e+02	7.160131e-02	7.160131e-02
6.000000e-02	7.000000e-02	8.126595e+01	6.374400e-02	6.374400e-02
7.000000e-02	8.000000e-02	6.601110e+01	5.745046e-02	5.745046e-02
8.000000e-02	9.000000e-02	5.470640e+01	5.230029e-02	5.230029e-02
9.000000e-02	1.000000e-01	4.597760e+01	4.794664e-02	4.794664e-02
1.000000e-01	1.100000e-01	3.907085e+01	4.419889e-02	4.419889e-02
1.100000e-01	1.200000e-01	3.357375e+01	4.097178e-02	4.097178e-02
1.200000e-01	1.300000e-01	2.901070e+01	3.808589e-02	3.808589e-02
1.300000e-01	1.400000e-01	2.532635e+01	3.558535e-02	3.558535e-02
1.400000e-01	1.600000e-01	2.087808e+01	2.284626e-02	2.284626e-02
1.600000e-01	1.800000e-01	1.633668e+01	2.020933e-02	2.020933e-02
1.800000e-01	2.000000e-01	1.297920e+01	1.801333e-02	1.801333e-02
2.000000e-01	2.250000e-01	1.015636e+01	1.425227e-02	1.425227e-02
2.250000e-01	2.500000e-01	7.867500e+00	1.254392e-02	1.254392e-02
2.500000e-01	2.750000e-01	6.162100e+00	1.110144e-02	1.110144e-02
2.750000e-01	3.000000e-01	4.891340e+00	9.890743e-03	9.890743e-03
3.000000e-01	3.250000e-01	3.896120e+00	8.827367e-03	8.827367e-03
3.250000e-01	3.500000e-01	3.108720e+00	7.885075e-03	7.885075e-03
3.500000e-01	3.750000e-01	2.510660e+00	7.086127e-03	7.086127e-03
3.750000e-01	4.000000e-01	2.034900e+00	6.379498e-03	6.379498e-03
4.000000e-01	4.300000e-01	1.603900e+00	5.170268e-03	5.170268e-03
4.300000e-01	4.600000e-01	1.253400e+00	4.570558e-03	4.570558e-03
4.600000e-01	4.900000e-01	9.828167e-01	4.047256e-03	4.047256e-03
4.900000e-01	5.200000e-01	7.669000e-01	3.575146e-03	3.575146e-03
5.200000e-01	5.500000e-01	5.966000e-01	3.153305e-03	3.153305e-03
5.500000e-01	6.000000e-01	4.257500e-01	2.063371e-03	2.063371e-03
6.000000e-01	6.500000e-01	2.776900e-01	1.666403e-03	1.666403e-03
6.500000e-01	7.000000e-01	1.810800e-01	1.345660e-03	1.345660e-03
7.000000e-01	7.500000e-01	1.082400e-01	1.040385e-03	1.040385e-03
7.500000e-01	8.000000e-01	6.562000e-02	8.100617e-04	8.100617e-04
8.000000e-01	9.000000e-01	2.748000e-02	3.706751e-04	3.706751e-04
9.000000e-01	1.000000e+00	3.830000e-03	1.383835e-04	1.383835e-04
# END HISTO1D

# BEGIN HISTO1D //media/adil/70aa4125-8ea2-43be-afcf-88b43c0b7507/adil/Work/QCD_events/EtaDown.yoda/ALEPH_1996_S3486095/d09-x01-y01
IsRef=1
LineColor=blue
LineStyle=dashed
LineWidth=1.3pt
Path=//media/adil/70aa4125-8ea2-43be-afcf-88b43c0b7507/adil/Work/QCD_events/EtaDown.yoda/ALEPH_1996_S3486095/d09-x01-y01
ScaledBy=5.00000500000500058e-07
Title=$\Delta\eta=-10\%$
XLabel=
YLabel=
# xlow	 xhigh	 val	 errminus	 errplus
4.000000e-03	6.000000e-03	4.344595e+02	3.295679e-01	3.295679e-01
6.000000e-03	8.000000e-03	4.825615e+02	3.473334e-01	3.473334e-01
8.000000e-03	1.000000e-02	4.823657e+02	3.472629e-01	3.472629e-01
1.000000e-02	1.200000e-02	4.606537e+02	3.393576e-01	3.393576e-01
1.200000e-02	1.400000e-02	4.299704e+02	3.278608e-01	3.278608e-01
1.400000e-02	1.600000e-02	3.968064e+02	3.149630e-01	3.149630e-01
1.600000e-02	1.800000e-02	3.652429e+02	3.021768e-01	3.021768e-01
1.800000e-02	2.000000e-02	3.346836e+02	2.892594e-01	2.892594e-01
2.000000e-02	2.500000e-02	2.892852e+02	1.700840e-01	1.700840e-01
2.500000e-02	3.000000e-02	2.364390e+02	1.537658e-01	1.537658e-01
3.000000e-02	3.500000e-02	1.972800e+02	1.404565e-01	1.404565e-01
3.500000e-02	4.000000e-02	1.667235e+02	1.291215e-01	1.291215e-01
4.000000e-02	4.500000e-02	1.429427e+02	1.195587e-01	1.195587e-01
4.500000e-02	5.000000e-02	1.240775e+02	1.113901e-01	1.113901e-01
5.000000e-02	6.000000e-02	1.024621e+02	7.157590e-02	7.157590e-02
6.000000e-02	7.000000e-02	8.117468e+01	6.370823e-02	6.370823e-02
7.000000e-02	8.000000e-02	6.605702e+01	5.747046e-02	5.747046e-02
8.000000e-02	9.000000e-02	5.462205e+01	5.225998e-02	5.225998e-02
9.000000e-02	1.000000e-01	4.598955e+01	4.795289e-02	4.795289e-02
1.000000e-01	1.100000e-01	3.909414e+01	4.421209e-02	4.421209e-02
1.100000e-01	1.200000e-01	3.361393e+01	4.099632e-02	4.099632e-02
1.200000e-01	1.300000e-01	2.910678e+01	3.814892e-02	3.814892e-02
1.300000e-01	1.400000e-01	2.532388e+01	3.558363e-02	3.558363e-02
1.400000e-01	1.600000e-01	2.091745e+01	2.286781e-02	2.286781e-02
1.600000e-01	1.800000e-01	1.637134e+01	2.023077e-02	2.023077e-02
1.800000e-01	2.000000e-01	1.300934e+01	1.803424e-02	1.803424e-02
2.000000e-01	2.250000e-01	1.017195e+01	1.426321e-02	1.426321e-02
2.250000e-01	2.500000e-01	7.888628e+00	1.256076e-02	1.256076e-02
2.500000e-01	2.750000e-01	6.199608e+00	1.113518e-02	1.113518e-02
2.750000e-01	3.000000e-01	4.890944e+00	9.890348e-03	9.890348e-03
3.000000e-01	3.250000e-01	3.901324e+00	8.833264e-03	8.833264e-03
3.250000e-01	3.500000e-01	3.125943e+00	7.906891e-03	7.906891e-03
3.500000e-01	3.750000e-01	2.522682e+00	7.103077e-03	7.103077e-03
3.750000e-01	4.000000e-01	2.034382e+00	6.378690e-03	6.378690e-03
4.000000e-01	4.300000e-01	1.621835e+00	5.199097e-03	5.199097e-03
4.300000e-01	4.600000e-01	1.264868e+00	4.591422e-03	4.591422e-03
4.600000e-01	4.900000e-01	9.828010e-01	4.047225e-03	4.047225e-03
4.900000e-01	5.200000e-01	7.695673e-01	3.581359e-03	3.581359e-03
5.200000e-01	5.500000e-01	5.978673e-01	3.156654e-03	3.156654e-03
5.500000e-01	6.000000e-01	4.316904e-01	2.077717e-03	2.077717e-03
6.000000e-01	6.500000e-01	2.781902e-01	1.667905e-03	1.667905e-03
6.500000e-01	7.000000e-01	1.766602e-01	1.329136e-03	1.329136e-03
7.000000e-01	7.500000e-01	1.122001e-01	1.059246e-03	1.059246e-03
7.500000e-01	8.000000e-01	6.646006e-02	8.152308e-04	8.152308e-04
8.000000e-01	9.000000e-01	2.802003e-02	3.742997e-04	3.742997e-04
9.000000e-01	1.000000e+00	4.115004e-03	1.434400e-04	1.434400e-04
# END HISTO1D

# BEGIN HISTO1D //media/adil/70aa4125-8ea2-43be-afcf-88b43c0b7507/adil/Work/QCD_events/EtaUp.yoda/ALEPH_1996_S3486095/d09-x01-y01
IsRef=1
LineColor=blue
LineStyle=dotdashed
LineWidth=1.3pt$
Path=//media/adil/70aa4125-8ea2-43be-afcf-88b43c0b7507/adil/Work/QCD_events/EtaUp.yoda/ALEPH_1996_S3486095/d09-x01-y01
ScaledBy=5.00000000000000083e-07
Title=$\Delta\eta=+10\%$
XLabel=
YLabel=
# xlow	 xhigh	 val	 errminus	 errplus
4.000000e-03	6.000000e-03	4.348535e+02	3.297171e-01	3.297171e-01
6.000000e-03	8.000000e-03	4.822013e+02	3.472036e-01	3.472036e-01
8.000000e-03	1.000000e-02	4.816757e+02	3.470143e-01	3.470143e-01
1.000000e-02	1.200000e-02	4.598565e+02	3.390636e-01	3.390636e-01
1.200000e-02	1.400000e-02	4.290948e+02	3.275266e-01	3.275266e-01
1.400000e-02	1.600000e-02	3.955272e+02	3.144548e-01	3.144548e-01
1.600000e-02	1.800000e-02	3.637395e+02	3.015541e-01	3.015541e-01
1.800000e-02	2.000000e-02	3.335965e+02	2.887891e-01	2.887891e-01
2.000000e-02	2.500000e-02	2.877626e+02	1.696356e-01	1.696356e-01
2.500000e-02	3.000000e-02	2.355694e+02	1.534827e-01	1.534827e-01
3.000000e-02	3.500000e-02	1.961635e+02	1.400584e-01	1.400584e-01
3.500000e-02	4.000000e-02	1.657484e+02	1.287433e-01	1.287433e-01
4.000000e-02	4.500000e-02	1.423512e+02	1.193110e-01	1.193110e-01
4.500000e-02	5.000000e-02	1.235440e+02	1.111503e-01	1.111503e-01
5.000000e-02	6.000000e-02	1.020222e+02	7.142206e-02	7.142206e-02
6.000000e-02	7.000000e-02	8.089725e+01	6.359924e-02	6.359924e-02
7.000000e-02	8.000000e-02	6.570430e+01	5.731680e-02	5.731680e-02
8.000000e-02	9.000000e-02	5.432985e+01	5.211999e-02	5.211999e-02
9.000000e-02	1.000000e-01	4.575805e+01	4.783203e-02	4.783203e-02
1.000000e-01	1.100000e-01	3.888980e+01	4.409637e-02	4.409637e-02
1.100000e-01	1.200000e-01	3.347050e+01	4.090874e-02	4.090874e-02
1.200000e-01	1.300000e-01	2.895200e+01	3.804734e-02	3.804734e-02
1.300000e-01	1.400000e-01	2.526440e+01	3.554181e-02	3.554181e-02
1.400000e-01	1.600000e-01	2.080688e+01	2.280728e-02	2.280728e-02
1.600000e-01	1.800000e-01	1.626910e+01	2.016749e-02	2.016749e-02
1.800000e-01	2.000000e-01	1.294765e+01	1.799142e-02	1.799142e-02
2.000000e-01	2.250000e-01	1.015528e+01	1.425151e-02	1.425151e-02
2.250000e-01	2.500000e-01	7.841140e+00	1.252289e-02	1.252289e-02
2.500000e-01	2.750000e-01	6.146680e+00	1.108754e-02	1.108754e-02
2.750000e-01	3.000000e-01	4.849600e+00	9.848452e-03	9.848452e-03
3.000000e-01	3.250000e-01	3.874680e+00	8.803045e-03	8.803045e-03
3.250000e-01	3.500000e-01	3.119880e+00	7.899215e-03	7.899215e-03
3.500000e-01	3.750000e-01	2.509740e+00	7.084829e-03	7.084829e-03
3.750000e-01	4.000000e-01	2.034040e+00	6.378150e-03	6.378150e-03
4.000000e-01	4.300000e-01	1.617483e+00	5.192115e-03	5.192115e-03
4.300000e-01	4.600000e-01	1.258650e+00	4.580120e-03	4.580120e-03
4.600000e-01	4.900000e-01	9.790000e-01	4.039389e-03	4.039389e-03
4.900000e-01	5.200000e-01	7.704667e-01	3.583450e-03	3.583450e-03
5.200000e-01	5.500000e-01	5.965167e-01	3.153085e-03	3.153085e-03
5.500000e-01	6.000000e-01	4.260400e-01	2.064074e-03	2.064074e-03
6.000000e-01	6.500000e-01	2.776600e-01	1.666313e-03	1.666313e-03
6.500000e-01	7.000000e-01	1.759900e-01	1.326612e-03	1.326612e-03
7.000000e-01	7.500000e-01	1.118300e-01	1.057497e-03	1.057497e-03
7.500000e-01	8.000000e-01	6.632000e-02	8.143709e-04	8.143709e-04
8.000000e-01	9.000000e-01	2.703000e-02	3.676275e-04	3.676275e-04
9.000000e-01	1.000000e+00	3.885000e-03	1.393736e-04	1.393736e-04
# END HISTO1D

