# BEGIN PLOT
LegendOnly=/ALEPH_1996_S3486095/d10-x01-y01 //media/adil/70aa4125-8ea2-43be-afcf-88b43c0b7507/adil/Work/QCD_events/Monash.yoda/ALEPH_1996_S3486095/d10-x01-y01 //media/adil/70aa4125-8ea2-43be-afcf-88b43c0b7507/adil/Work/QCD_events/RhoDown.yoda/ALEPH_1996_S3486095/d10-x01-y01 //media/adil/70aa4125-8ea2-43be-afcf-88b43c0b7507/adil/Work/QCD_events/RhoUp.yoda/ALEPH_1996_S3486095/d10-x01-y01 //media/adil/70aa4125-8ea2-43be-afcf-88b43c0b7507/adil/Work/QCD_events/EtaDown.yoda/ALEPH_1996_S3486095/d10-x01-y01 //media/adil/70aa4125-8ea2-43be-afcf-88b43c0b7507/adil/Work/QCD_events/EtaUp.yoda/ALEPH_1996_S3486095/d10-x01-y01
DrawOnly=/ALEPH_1996_S3486095/d10-x01-y01 //media/adil/70aa4125-8ea2-43be-afcf-88b43c0b7507/adil/Work/QCD_events/Monash.yoda/ALEPH_1996_S3486095/d10-x01-y01 //media/adil/70aa4125-8ea2-43be-afcf-88b43c0b7507/adil/Work/QCD_events/RhoDown.yoda/ALEPH_1996_S3486095/d10-x01-y01 //media/adil/70aa4125-8ea2-43be-afcf-88b43c0b7507/adil/Work/QCD_events/RhoUp.yoda/ALEPH_1996_S3486095/d10-x01-y01 //media/adil/70aa4125-8ea2-43be-afcf-88b43c0b7507/adil/Work/QCD_events/EtaDown.yoda/ALEPH_1996_S3486095/d10-x01-y01 //media/adil/70aa4125-8ea2-43be-afcf-88b43c0b7507/adil/Work/QCD_events/EtaUp.yoda/ALEPH_1996_S3486095/d10-x01-y01
Title=Rapidity w.r.t. thrust axes, $y_T$ (charged)
RatioPlotReference=/ALEPH_1996_S3486095/d10-x01-y01
RatioPlot=1
LogY=1
LegendXPos=0.15
XLabel=$y_T$
YLabel=$1/\sigma \, \text{d}{\sigma}/\text{d}{y_T}$
LegendYPos=0.8
Legend=1
FullRange=1
# END PLOT

# BEGIN HISTO1D /ALEPH_1996_S3486095/d10-x01-y01
ConnectBins=0
ErrorBars=1
IsRef=1
Path=/ALEPH_1996_S3486095/d10-x01-y01
PolyMarker=*
Title=Data
# xlow	 xhigh	 val	 errminus	 errplus
0.000000e+00	2.500000e-01	5.832000e+00	7.299315e-02	7.299315e-02
2.500000e-01	5.000000e-01	6.407000e+00	8.697701e-02	8.697701e-02
5.000000e-01	7.500000e-01	6.641000e+00	1.048094e-01	1.048094e-01
7.500000e-01	1.000000e+00	6.726000e+00	1.146298e-01	1.146298e-01
1.000000e+00	1.250000e+00	6.745000e+00	1.106526e-01	1.106526e-01
1.250000e+00	1.500000e+00	6.703000e+00	9.563472e-02	9.563472e-02
1.500000e+00	1.750000e+00	6.578000e+00	7.863841e-02	7.863841e-02
1.750000e+00	2.000000e+00	6.389000e+00	5.688585e-02	5.688585e-02
2.000000e+00	2.250000e+00	6.135000e+00	2.657066e-02	2.657066e-02
2.250000e+00	2.500000e+00	5.721000e+00	2.012461e-02	2.012461e-02
2.500000e+00	2.750000e+00	5.090000e+00	5.178803e-02	5.178803e-02
2.750000e+00	3.000000e+00	4.307000e+00	8.736704e-02	8.736704e-02
3.000000e+00	3.250000e+00	3.427000e+00	8.429116e-02	8.429116e-02
3.250000e+00	3.500000e+00	2.549000e+00	5.830952e-02	5.830952e-02
3.500000e+00	3.750000e+00	1.749000e+00	3.634556e-02	3.634556e-02
3.750000e+00	4.000000e+00	1.107000e+00	2.334524e-02	2.334524e-02
4.000000e+00	4.250000e+00	6.623000e-01	1.602904e-02	1.602904e-02
4.250000e+00	4.500000e+00	3.662000e-01	1.205073e-02	1.205073e-02
4.500000e+00	5.000000e+00	1.403000e-01	6.946222e-03	6.946222e-03
5.000000e+00	5.500000e+00	2.860000e-02	2.121320e-03	2.121320e-03
5.500000e+00	6.000000e+00	3.900000e-03	6.082763e-04	6.082763e-04
# END HISTO1D

# BEGIN HISTO1D //media/adil/70aa4125-8ea2-43be-afcf-88b43c0b7507/adil/Work/QCD_events/Monash.yoda/ALEPH_1996_S3486095/d10-x01-y01
IsRef=1
LineColor=red
LineStyle=solid
LineWidth=1.3pt
Path=//media/adil/70aa4125-8ea2-43be-afcf-88b43c0b7507/adil/Work/QCD_events/Monash.yoda/ALEPH_1996_S3486095/d10-x01-y01
ScaledBy=4.99999999999999977e-07
Title=nominal
XLabel=
YLabel=
# xlow	 xhigh	 val	 errminus	 errplus
0.000000e+00	2.500000e-01	5.890000e+00	3.432200e-03	3.432200e-03
2.500000e-01	5.000000e-01	6.420228e+00	3.583358e-03	3.583358e-03
5.000000e-01	7.500000e-01	6.586496e+00	3.629462e-03	3.629462e-03
7.500000e-01	1.000000e+00	6.615288e+00	3.637387e-03	3.637387e-03
1.000000e+00	1.250000e+00	6.550080e+00	3.619415e-03	3.619415e-03
1.250000e+00	1.500000e+00	6.436572e+00	3.587917e-03	3.587917e-03
1.500000e+00	1.750000e+00	6.288752e+00	3.546478e-03	3.546478e-03
1.750000e+00	2.000000e+00	6.095784e+00	3.491643e-03	3.491643e-03
2.000000e+00	2.250000e+00	5.846524e+00	3.419510e-03	3.419510e-03
2.250000e+00	2.500000e+00	5.472256e+00	3.308249e-03	3.308249e-03
2.500000e+00	2.750000e+00	4.903488e+00	3.131610e-03	3.131610e-03
2.750000e+00	3.000000e+00	4.145592e+00	2.879442e-03	2.879442e-03
3.000000e+00	3.250000e+00	3.301890e+00	2.569782e-03	2.569782e-03
3.250000e+00	3.500000e+00	2.463616e+00	2.219737e-03	2.219737e-03
3.500000e+00	3.750000e+00	1.724092e+00	1.856929e-03	1.856929e-03
3.750000e+00	4.000000e+00	1.121202e+00	1.497466e-03	1.497466e-03
4.000000e+00	4.250000e+00	6.850140e-01	1.170482e-03	1.170482e-03
4.250000e+00	4.500000e+00	3.884660e-01	8.814375e-04	8.814375e-04
4.500000e+00	5.000000e+00	1.545610e-01	3.931425e-04	3.931425e-04
5.000000e+00	5.500000e+00	3.323600e-02	1.823074e-04	1.823074e-04
5.500000e+00	6.000000e+00	5.106000e-03	7.145628e-05	7.145628e-05
# END HISTO1D

# BEGIN HISTO1D //media/adil/70aa4125-8ea2-43be-afcf-88b43c0b7507/adil/Work/QCD_events/RhoDown.yoda/ALEPH_1996_S3486095/d10-x01-y01
IsRef=1
LineColor=red
LineStyle=dashed
LineWidth=1.3pt
Path=//media/adil/70aa4125-8ea2-43be-afcf-88b43c0b7507/adil/Work/QCD_events/RhoDown.yoda/ALEPH_1996_S3486095/d10-x01-y01
ScaledBy=5.00000000000000083e-07
Title=$\Delta\rho=-10\%$
XLabel=
YLabel=
# xlow	 xhigh	 val	 errminus	 errplus
0.000000e+00	2.500000e-01	5.847816e+00	3.419887e-03	3.419887e-03
2.500000e-01	5.000000e-01	6.381284e+00	3.572474e-03	3.572474e-03
5.000000e-01	7.500000e-01	6.539216e+00	3.616411e-03	3.616411e-03
7.500000e-01	1.000000e+00	6.572948e+00	3.625727e-03	3.625727e-03
1.000000e+00	1.250000e+00	6.511884e+00	3.608845e-03	3.608845e-03
1.250000e+00	1.500000e+00	6.399100e+00	3.577457e-03	3.577457e-03
1.500000e+00	1.750000e+00	6.255248e+00	3.537018e-03	3.537018e-03
1.750000e+00	2.000000e+00	6.069496e+00	3.484105e-03	3.484105e-03
2.000000e+00	2.250000e+00	5.818132e+00	3.411197e-03	3.411197e-03
2.250000e+00	2.500000e+00	5.446404e+00	3.300425e-03	3.300425e-03
2.500000e+00	2.750000e+00	4.889908e+00	3.127270e-03	3.127270e-03
2.750000e+00	3.000000e+00	4.126448e+00	2.872785e-03	2.872785e-03
3.000000e+00	3.250000e+00	3.288516e+00	2.564572e-03	2.564572e-03
3.250000e+00	3.500000e+00	2.460998e+00	2.218557e-03	2.218557e-03
3.500000e+00	3.750000e+00	1.715832e+00	1.852475e-03	1.852475e-03
3.750000e+00	4.000000e+00	1.117170e+00	1.494771e-03	1.494771e-03
4.000000e+00	4.250000e+00	6.793060e-01	1.165595e-03	1.165595e-03
4.250000e+00	4.500000e+00	3.875260e-01	8.803704e-04	8.803704e-04
4.500000e+00	5.000000e+00	1.535370e-01	3.918380e-04	3.918380e-04
5.000000e+00	5.500000e+00	3.321200e-02	1.822416e-04	1.822416e-04
5.500000e+00	6.000000e+00	5.172000e-03	7.191662e-05	7.191662e-05
# END HISTO1D

# BEGIN HISTO1D //media/adil/70aa4125-8ea2-43be-afcf-88b43c0b7507/adil/Work/QCD_events/RhoUp.yoda/ALEPH_1996_S3486095/d10-x01-y01
IsRef=1
LineColor=red
LineStyle=dotdashed
LineWidth=1.3pt
Path=//media/adil/70aa4125-8ea2-43be-afcf-88b43c0b7507/adil/Work/QCD_events/RhoUp.yoda/ALEPH_1996_S3486095/d10-x01-y01
ScaledBy=4.99999999999999977e-07
Title=$\Delta\rho=+10\%$
XLabel=
YLabel=
# xlow	 xhigh	 val	 errminus	 errplus
0.000000e+00	2.500000e-01	5.927936e+00	3.443236e-03	3.443236e-03
2.500000e-01	5.000000e-01	6.455212e+00	3.593108e-03	3.593108e-03
5.000000e-01	7.500000e-01	6.623236e+00	3.639570e-03	3.639570e-03
7.500000e-01	1.000000e+00	6.638892e+00	3.643870e-03	3.643870e-03
1.000000e+00	1.250000e+00	6.583868e+00	3.628738e-03	3.628738e-03
1.250000e+00	1.500000e+00	6.471972e+00	3.597770e-03	3.597770e-03
1.500000e+00	1.750000e+00	6.312624e+00	3.553203e-03	3.553203e-03
1.750000e+00	2.000000e+00	6.121608e+00	3.499031e-03	3.499031e-03
2.000000e+00	2.250000e+00	5.870040e+00	3.426380e-03	3.426380e-03
2.250000e+00	2.500000e+00	5.488908e+00	3.313279e-03	3.313279e-03
2.500000e+00	2.750000e+00	4.918072e+00	3.136263e-03	3.136263e-03
2.750000e+00	3.000000e+00	4.160952e+00	2.884772e-03	2.884772e-03
3.000000e+00	3.250000e+00	3.315012e+00	2.574883e-03	2.574883e-03
3.250000e+00	3.500000e+00	2.477698e+00	2.226072e-03	2.226072e-03
3.500000e+00	3.750000e+00	1.726622e+00	1.858290e-03	1.858290e-03
3.750000e+00	4.000000e+00	1.124582e+00	1.499721e-03	1.499721e-03
4.000000e+00	4.250000e+00	6.863640e-01	1.171635e-03	1.171635e-03
4.250000e+00	4.500000e+00	3.910560e-01	8.843710e-04	8.843710e-04
4.500000e+00	5.000000e+00	1.546030e-01	3.931959e-04	3.931959e-04
5.000000e+00	5.500000e+00	3.347800e-02	1.829699e-04	1.829699e-04
5.500000e+00	6.000000e+00	5.049000e-03	7.105632e-05	7.105632e-05
# END HISTO1D

# BEGIN HISTO1D //media/adil/70aa4125-8ea2-43be-afcf-88b43c0b7507/adil/Work/QCD_events/EtaDown.yoda/ALEPH_1996_S3486095/d10-x01-y01
IsRef=1
LineColor=blue
LineStyle=dashed
LineWidth=1.3pt
Path=//media/adil/70aa4125-8ea2-43be-afcf-88b43c0b7507/adil/Work/QCD_events/EtaDown.yoda/ALEPH_1996_S3486095/d10-x01-y01
ScaledBy=5.00000500000500058e-07
Title=$\Delta\eta=-10\%$
XLabel=
YLabel=
# xlow	 xhigh	 val	 errminus	 errplus
0.000000e+00	2.500000e-01	5.898812e+00	3.434769e-03	3.434769e-03
2.500000e-01	5.000000e-01	6.429108e+00	3.585837e-03	3.585837e-03
5.000000e-01	7.500000e-01	6.601580e+00	3.633617e-03	3.633617e-03
7.500000e-01	1.000000e+00	6.631172e+00	3.641752e-03	3.641752e-03
1.000000e+00	1.250000e+00	6.559468e+00	3.622009e-03	3.622009e-03
1.250000e+00	1.500000e+00	6.441364e+00	3.589253e-03	3.589253e-03
1.500000e+00	1.750000e+00	6.295996e+00	3.548521e-03	3.548521e-03
1.750000e+00	2.000000e+00	6.103756e+00	3.493926e-03	3.493926e-03
2.000000e+00	2.250000e+00	5.854116e+00	3.421731e-03	3.421731e-03
2.250000e+00	2.500000e+00	5.479428e+00	3.310418e-03	3.310418e-03
2.500000e+00	2.750000e+00	4.909896e+00	3.133656e-03	3.133656e-03
2.750000e+00	3.000000e+00	4.146548e+00	2.879775e-03	2.879775e-03
3.000000e+00	3.250000e+00	3.307085e+00	2.571804e-03	2.571804e-03
3.250000e+00	3.500000e+00	2.471190e+00	2.223148e-03	2.223148e-03
3.500000e+00	3.750000e+00	1.722822e+00	1.856245e-03	1.856245e-03
3.750000e+00	4.000000e+00	1.120601e+00	1.497065e-03	1.497065e-03
4.000000e+00	4.250000e+00	6.850848e-01	1.170543e-03	1.170543e-03
4.250000e+00	4.500000e+00	3.888764e-01	8.819034e-04	8.819034e-04
4.500000e+00	5.000000e+00	1.543642e-01	3.928922e-04	3.928922e-04
5.000000e+00	5.500000e+00	3.348204e-02	1.829811e-04	1.829811e-04
5.500000e+00	6.000000e+00	5.077006e-03	7.125315e-05	7.125315e-05
# END HISTO1D

# BEGIN HISTO1D //media/adil/70aa4125-8ea2-43be-afcf-88b43c0b7507/adil/Work/QCD_events/EtaUp.yoda/ALEPH_1996_S3486095/d10-x01-y01
IsRef=1
LineColor=blue
LineStyle=dotdashed
LineWidth=1.3pt$
Path=//media/adil/70aa4125-8ea2-43be-afcf-88b43c0b7507/adil/Work/QCD_events/EtaUp.yoda/ALEPH_1996_S3486095/d10-x01-y01
ScaledBy=5.00000000000000083e-07
Title=$\Delta\eta=+10\%$
XLabel=
YLabel=
# xlow	 xhigh	 val	 errminus	 errplus
0.000000e+00	2.500000e-01	5.874008e+00	3.427538e-03	3.427538e-03
2.500000e-01	5.000000e-01	6.407932e+00	3.579925e-03	3.579925e-03
5.000000e-01	7.500000e-01	6.565992e+00	3.623808e-03	3.623808e-03
7.500000e-01	1.000000e+00	6.601540e+00	3.633604e-03	3.633604e-03
1.000000e+00	1.250000e+00	6.539676e+00	3.616538e-03	3.616538e-03
1.250000e+00	1.500000e+00	6.421408e+00	3.583687e-03	3.583687e-03
1.500000e+00	1.750000e+00	6.269096e+00	3.540931e-03	3.540931e-03
1.750000e+00	2.000000e+00	6.091936e+00	3.490540e-03	3.490540e-03
2.000000e+00	2.250000e+00	5.833936e+00	3.415827e-03	3.415827e-03
2.250000e+00	2.500000e+00	5.458480e+00	3.304082e-03	3.304082e-03
2.500000e+00	2.750000e+00	4.898172e+00	3.129911e-03	3.129911e-03
2.750000e+00	3.000000e+00	4.142256e+00	2.878282e-03	2.878282e-03
3.000000e+00	3.250000e+00	3.297426e+00	2.568045e-03	2.568045e-03
3.250000e+00	3.500000e+00	2.463524e+00	2.219695e-03	2.219695e-03
3.500000e+00	3.750000e+00	1.719522e+00	1.854466e-03	1.854466e-03
3.750000e+00	4.000000e+00	1.119278e+00	1.496181e-03	1.496181e-03
4.000000e+00	4.250000e+00	6.815540e-01	1.167522e-03	1.167522e-03
4.250000e+00	4.500000e+00	3.875860e-01	8.804385e-04	8.804385e-04
4.500000e+00	5.000000e+00	1.534090e-01	3.916746e-04	3.916746e-04
5.000000e+00	5.500000e+00	3.350300e-02	1.830382e-04	1.830382e-04
5.500000e+00	6.000000e+00	5.066000e-03	7.117584e-05	7.117584e-05
# END HISTO1D

