# BEGIN PLOT
LegendOnly=/ALEPH_1996_S3486095/d12-x01-y01 //media/adil/70aa4125-8ea2-43be-afcf-88b43c0b7507/adil/Work/QCD_events/Monash.yoda/ALEPH_1996_S3486095/d12-x01-y01 //media/adil/70aa4125-8ea2-43be-afcf-88b43c0b7507/adil/Work/QCD_events/RhoDown.yoda/ALEPH_1996_S3486095/d12-x01-y01 //media/adil/70aa4125-8ea2-43be-afcf-88b43c0b7507/adil/Work/QCD_events/RhoUp.yoda/ALEPH_1996_S3486095/d12-x01-y01 //media/adil/70aa4125-8ea2-43be-afcf-88b43c0b7507/adil/Work/QCD_events/EtaDown.yoda/ALEPH_1996_S3486095/d12-x01-y01 //media/adil/70aa4125-8ea2-43be-afcf-88b43c0b7507/adil/Work/QCD_events/EtaUp.yoda/ALEPH_1996_S3486095/d12-x01-y01
XLabel=$p_\perp^\text{out}$ / GeV
RatioPlotReference=/ALEPH_1996_S3486095/d12-x01-y01
YLabel=$1/\sigma \, \text{d}{\sigma}/\text{d}{p_\perp^\text{out}}$
Title=Out-of-plane $p_T$ in GeV w.r.t. sphericity axes (charged)
DrawOnly=/ALEPH_1996_S3486095/d12-x01-y01 //media/adil/70aa4125-8ea2-43be-afcf-88b43c0b7507/adil/Work/QCD_events/Monash.yoda/ALEPH_1996_S3486095/d12-x01-y01 //media/adil/70aa4125-8ea2-43be-afcf-88b43c0b7507/adil/Work/QCD_events/RhoDown.yoda/ALEPH_1996_S3486095/d12-x01-y01 //media/adil/70aa4125-8ea2-43be-afcf-88b43c0b7507/adil/Work/QCD_events/RhoUp.yoda/ALEPH_1996_S3486095/d12-x01-y01 //media/adil/70aa4125-8ea2-43be-afcf-88b43c0b7507/adil/Work/QCD_events/EtaDown.yoda/ALEPH_1996_S3486095/d12-x01-y01 //media/adil/70aa4125-8ea2-43be-afcf-88b43c0b7507/adil/Work/QCD_events/EtaUp.yoda/ALEPH_1996_S3486095/d12-x01-y01
RatioPlot=1
FullRange=1
Legend=1
LogY=1
# END PLOT

# BEGIN HISTO1D /ALEPH_1996_S3486095/d12-x01-y01
ConnectBins=0
ErrorBars=1
IsRef=1
Path=/ALEPH_1996_S3486095/d12-x01-y01
PolyMarker=*
Title=Data
# xlow	 xhigh	 val	 errminus	 errplus
0.000000e+00	1.000000e-01	6.766000e+01	3.733631e-01	3.733631e-01
1.000000e-01	2.000000e-01	5.130000e+01	5.614268e-01	5.614268e-01
2.000000e-01	3.000000e-01	3.435000e+01	1.726268e-01	1.726268e-01
3.000000e-01	4.000000e-01	2.140000e+01	9.486833e-02	9.486833e-02
4.000000e-01	5.000000e-01	1.286000e+01	5.385165e-02	5.385165e-02
5.000000e-01	6.000000e-01	7.722000e+00	3.361547e-02	3.361547e-02
6.000000e-01	7.000000e-01	4.690000e+00	2.220360e-02	2.220360e-02
7.000000e-01	8.000000e-01	2.881000e+00	1.562050e-02	1.562050e-02
8.000000e-01	9.000000e-01	1.830000e+00	1.360147e-02	1.360147e-02
9.000000e-01	1.000000e+00	1.198000e+00	1.140175e-02	1.140175e-02
1.000000e+00	1.200000e+00	6.731000e-01	7.294518e-03	7.294518e-03
1.200000e+00	1.400000e+00	3.265000e-01	4.327817e-03	4.327817e-03
1.400000e+00	1.600000e+00	1.687000e-01	3.522783e-03	3.522783e-03
1.600000e+00	1.800000e+00	9.220000e-02	3.001666e-03	3.001666e-03
1.800000e+00	2.000000e+00	5.250000e-02	2.282542e-03	2.282542e-03
2.000000e+00	2.500000e+00	2.230000e-02	1.118034e-03	1.118034e-03
2.500000e+00	3.000000e+00	6.900000e-03	5.000000e-04	5.000000e-04
3.000000e+00	3.500000e+00	2.600000e-03	2.828427e-04	2.828427e-04
3.500000e+00	5.000000e+00	4.000000e-04	5.656854e-05	5.656854e-05
# END HISTO1D

# BEGIN HISTO1D //media/adil/70aa4125-8ea2-43be-afcf-88b43c0b7507/adil/Work/QCD_events/Monash.yoda/ALEPH_1996_S3486095/d12-x01-y01
IsRef=1
LineColor=red
LineStyle=solid
LineWidth=1.3pt
Path=//media/adil/70aa4125-8ea2-43be-afcf-88b43c0b7507/adil/Work/QCD_events/Monash.yoda/ALEPH_1996_S3486095/d12-x01-y01
ScaledBy=4.99999999999999977e-07
Title=nominal
XLabel=
YLabel=
# xlow	 xhigh	 val	 errminus	 errplus
0.000000e+00	1.000000e-01	6.367243e+01	1.784270e-02	1.784270e-02
1.000000e-01	2.000000e-01	4.841559e+01	1.555885e-02	1.555885e-02
2.000000e-01	3.000000e-01	3.347966e+01	1.293825e-02	1.293825e-02
3.000000e-01	4.000000e-01	2.178510e+01	1.043674e-02	1.043674e-02
4.000000e-01	5.000000e-01	1.365895e+01	8.264064e-03	8.264064e-03
5.000000e-01	6.000000e-01	8.395945e+00	6.479177e-03	6.479177e-03
6.000000e-01	7.000000e-01	5.115035e+00	5.057190e-03	5.057190e-03
7.000000e-01	8.000000e-01	3.120805e+00	3.950192e-03	3.950192e-03
8.000000e-01	9.000000e-01	1.926200e+00	3.103385e-03	3.103385e-03
9.000000e-01	1.000000e+00	1.214055e+00	2.463793e-03	2.463793e-03
1.000000e+00	1.200000e+00	6.469725e-01	1.271783e-03	1.271783e-03
1.200000e+00	1.400000e+00	2.916350e-01	8.538662e-04	8.538662e-04
1.400000e+00	1.600000e+00	1.438250e-01	5.996353e-04	5.996353e-04
1.600000e+00	1.800000e+00	7.547250e-02	4.343746e-04	4.343746e-04
1.800000e+00	2.000000e+00	4.120500e-02	3.209556e-04	3.209556e-04
2.000000e+00	2.500000e+00	1.728900e-02	1.314876e-04	1.314876e-04
2.500000e+00	3.000000e+00	5.014000e-03	7.080960e-05	7.080960e-05
3.000000e+00	3.500000e+00	1.700000e-03	4.123106e-05	4.123106e-05
3.500000e+00	5.000000e+00	3.020000e-04	1.003328e-05	1.003328e-05
# END HISTO1D

# BEGIN HISTO1D //media/adil/70aa4125-8ea2-43be-afcf-88b43c0b7507/adil/Work/QCD_events/RhoDown.yoda/ALEPH_1996_S3486095/d12-x01-y01
IsRef=1
LineColor=red
LineStyle=dashed
LineWidth=1.3pt
Path=//media/adil/70aa4125-8ea2-43be-afcf-88b43c0b7507/adil/Work/QCD_events/RhoDown.yoda/ALEPH_1996_S3486095/d12-x01-y01
ScaledBy=5.00000000000000083e-07
Title=$\Delta\rho=-10\%$
XLabel=
YLabel=
# xlow	 xhigh	 val	 errminus	 errplus
0.000000e+00	1.000000e-01	6.328032e+01	1.778768e-02	1.778768e-02
1.000000e-01	2.000000e-01	4.810775e+01	1.550931e-02	1.550931e-02
2.000000e-01	3.000000e-01	3.323826e+01	1.289152e-02	1.289152e-02
3.000000e-01	4.000000e-01	2.167975e+01	1.041147e-02	1.041147e-02
4.000000e-01	5.000000e-01	1.361019e+01	8.249299e-03	8.249299e-03
5.000000e-01	6.000000e-01	8.369565e+00	6.468990e-03	6.468990e-03
6.000000e-01	7.000000e-01	5.114395e+00	5.056875e-03	5.056875e-03
7.000000e-01	8.000000e-01	3.125750e+00	3.953321e-03	3.953321e-03
8.000000e-01	9.000000e-01	1.938555e+00	3.113322e-03	3.113322e-03
9.000000e-01	1.000000e+00	1.224320e+00	2.474187e-03	2.474187e-03
1.000000e+00	1.200000e+00	6.498950e-01	1.274652e-03	1.274652e-03
1.200000e+00	1.400000e+00	2.955750e-01	8.596147e-04	8.596147e-04
1.400000e+00	1.600000e+00	1.445850e-01	6.012175e-04	6.012175e-04
1.600000e+00	1.800000e+00	7.587250e-02	4.355241e-04	4.355241e-04
1.800000e+00	2.000000e+00	4.216250e-02	3.246633e-04	3.246633e-04
2.000000e+00	2.500000e+00	1.752700e-02	1.323896e-04	1.323896e-04
2.500000e+00	3.000000e+00	5.001000e-03	7.071775e-05	7.071775e-05
3.000000e+00	3.500000e+00	1.793000e-03	4.234383e-05	4.234383e-05
3.500000e+00	5.000000e+00	3.136667e-04	1.022524e-05	1.022524e-05
# END HISTO1D

# BEGIN HISTO1D //media/adil/70aa4125-8ea2-43be-afcf-88b43c0b7507/adil/Work/QCD_events/RhoUp.yoda/ALEPH_1996_S3486095/d12-x01-y01
IsRef=1
LineColor=red
LineStyle=dotdashed
LineWidth=1.3pt
Path=//media/adil/70aa4125-8ea2-43be-afcf-88b43c0b7507/adil/Work/QCD_events/RhoUp.yoda/ALEPH_1996_S3486095/d12-x01-y01
ScaledBy=4.99999999999999977e-07
Title=$\Delta\rho=+10\%$
XLabel=
YLabel=
# xlow	 xhigh	 val	 errminus	 errplus
0.000000e+00	1.000000e-01	6.396735e+01	1.788398e-02	1.788398e-02
1.000000e-01	2.000000e-01	4.871790e+01	1.560735e-02	1.560735e-02
2.000000e-01	3.000000e-01	3.365876e+01	1.297281e-02	1.297281e-02
3.000000e-01	4.000000e-01	2.190578e+01	1.046561e-02	1.046561e-02
4.000000e-01	5.000000e-01	1.369960e+01	8.276352e-03	8.276352e-03
5.000000e-01	6.000000e-01	8.387490e+00	6.475913e-03	6.475913e-03
6.000000e-01	7.000000e-01	5.106930e+00	5.053182e-03	5.053182e-03
7.000000e-01	8.000000e-01	3.116445e+00	3.947432e-03	3.947432e-03
8.000000e-01	9.000000e-01	1.924000e+00	3.101612e-03	3.101612e-03
9.000000e-01	1.000000e+00	1.207575e+00	2.457209e-03	2.457209e-03
1.000000e+00	1.200000e+00	6.459025e-01	1.270731e-03	1.270731e-03
1.200000e+00	1.400000e+00	2.912200e-01	8.532585e-04	8.532585e-04
1.400000e+00	1.600000e+00	1.419625e-01	5.957401e-04	5.957401e-04
1.600000e+00	1.800000e+00	7.512750e-02	4.333806e-04	4.333806e-04
1.800000e+00	2.000000e+00	4.126000e-02	3.211697e-04	3.211697e-04
2.000000e+00	2.500000e+00	1.705000e-02	1.305756e-04	1.305756e-04
2.500000e+00	3.000000e+00	4.942000e-03	7.029936e-05	7.029936e-05
3.000000e+00	3.500000e+00	1.712000e-03	4.137632e-05	4.137632e-05
3.500000e+00	5.000000e+00	3.050000e-04	1.008299e-05	1.008299e-05
# END HISTO1D

# BEGIN HISTO1D //media/adil/70aa4125-8ea2-43be-afcf-88b43c0b7507/adil/Work/QCD_events/EtaDown.yoda/ALEPH_1996_S3486095/d12-x01-y01
IsRef=1
LineColor=blue
LineStyle=dashed
LineWidth=1.3pt
Path=//media/adil/70aa4125-8ea2-43be-afcf-88b43c0b7507/adil/Work/QCD_events/EtaDown.yoda/ALEPH_1996_S3486095/d12-x01-y01
ScaledBy=5.00000500000500058e-07
Title=$\Delta\eta=-10\%$
XLabel=
YLabel=
# xlow	 xhigh	 val	 errminus	 errplus
0.000000e+00	1.000000e-01	6.362673e+01	1.783631e-02	1.783631e-02
1.000000e-01	2.000000e-01	4.847881e+01	1.556902e-02	1.556902e-02
2.000000e-01	3.000000e-01	3.354028e+01	1.294997e-02	1.294997e-02
3.000000e-01	4.000000e-01	2.184790e+01	1.045177e-02	1.045177e-02
4.000000e-01	5.000000e-01	1.370359e+01	8.277561e-03	8.277561e-03
5.000000e-01	6.000000e-01	8.431398e+00	6.492845e-03	6.492845e-03
6.000000e-01	7.000000e-01	5.140420e+00	5.069727e-03	5.069727e-03
7.000000e-01	8.000000e-01	3.129733e+00	3.955841e-03	3.955841e-03
8.000000e-01	9.000000e-01	1.932927e+00	3.108801e-03	3.108801e-03
9.000000e-01	1.000000e+00	1.223061e+00	2.472916e-03	2.472916e-03
1.000000e+00	1.200000e+00	6.493530e-01	1.274121e-03	1.274121e-03
1.200000e+00	1.400000e+00	2.935278e-01	8.566331e-04	8.566331e-04
1.400000e+00	1.600000e+00	1.431001e-01	5.981227e-04	5.981227e-04
1.600000e+00	1.800000e+00	7.540510e-02	4.341807e-04	4.341807e-04
1.800000e+00	2.000000e+00	4.163754e-02	3.226359e-04	3.226359e-04
2.000000e+00	2.500000e+00	1.720302e-02	1.311603e-04	1.311603e-04
2.500000e+00	3.000000e+00	5.054006e-03	7.109157e-05	7.109157e-05
3.000000e+00	3.500000e+00	1.710002e-03	4.135219e-05	4.135219e-05
3.500000e+00	5.000000e+00	3.070003e-04	1.011600e-05	1.011600e-05
# END HISTO1D

# BEGIN HISTO1D //media/adil/70aa4125-8ea2-43be-afcf-88b43c0b7507/adil/Work/QCD_events/EtaUp.yoda/ALEPH_1996_S3486095/d12-x01-y01
IsRef=1
LineColor=blue
LineStyle=dotdashed
LineWidth=1.3pt$
Path=//media/adil/70aa4125-8ea2-43be-afcf-88b43c0b7507/adil/Work/QCD_events/EtaUp.yoda/ALEPH_1996_S3486095/d12-x01-y01
ScaledBy=5.00000000000000083e-07
Title=$\Delta\eta=+10\%$
XLabel=
YLabel=
# xlow	 xhigh	 val	 errminus	 errplus
0.000000e+00	1.000000e-01	6.364936e+01	1.783947e-02	1.783947e-02
1.000000e-01	2.000000e-01	4.835201e+01	1.554864e-02	1.554864e-02
2.000000e-01	3.000000e-01	3.338836e+01	1.292060e-02	1.292060e-02
3.000000e-01	4.000000e-01	2.172516e+01	1.042237e-02	1.042237e-02
4.000000e-01	5.000000e-01	1.361398e+01	8.250447e-03	8.250447e-03
5.000000e-01	6.000000e-01	8.344695e+00	6.459371e-03	6.459371e-03
6.000000e-01	7.000000e-01	5.081795e+00	5.040732e-03	5.040732e-03
7.000000e-01	8.000000e-01	3.104945e+00	3.940143e-03	3.940143e-03
8.000000e-01	9.000000e-01	1.920885e+00	3.099101e-03	3.099101e-03
9.000000e-01	1.000000e+00	1.204620e+00	2.454200e-03	2.454200e-03
1.000000e+00	1.200000e+00	6.442975e-01	1.269151e-03	1.269151e-03
1.200000e+00	1.400000e+00	2.906100e-01	8.523644e-04	8.523644e-04
1.400000e+00	1.600000e+00	1.431350e-01	5.981952e-04	5.981952e-04
1.600000e+00	1.800000e+00	7.465000e-02	4.320012e-04	4.320012e-04
1.800000e+00	2.000000e+00	4.135750e-02	3.215490e-04	3.215490e-04
2.000000e+00	2.500000e+00	1.685200e-02	1.298153e-04	1.298153e-04
2.500000e+00	3.000000e+00	5.112000e-03	7.149825e-05	7.149825e-05
3.000000e+00	3.500000e+00	1.657000e-03	4.070626e-05	4.070626e-05
3.500000e+00	5.000000e+00	3.090000e-04	1.014889e-05	1.014889e-05
# END HISTO1D

