# BEGIN PLOT
LegendOnly=/ALEPH_1996_S3486095/d17-x01-y01 //media/adil/70aa4125-8ea2-43be-afcf-88b43c0b7507/adil/Work/QCD_events/Monash.yoda/ALEPH_1996_S3486095/d17-x01-y01 //media/adil/70aa4125-8ea2-43be-afcf-88b43c0b7507/adil/Work/QCD_events/RhoDown.yoda/ALEPH_1996_S3486095/d17-x01-y01 //media/adil/70aa4125-8ea2-43be-afcf-88b43c0b7507/adil/Work/QCD_events/RhoUp.yoda/ALEPH_1996_S3486095/d17-x01-y01 //media/adil/70aa4125-8ea2-43be-afcf-88b43c0b7507/adil/Work/QCD_events/EtaDown.yoda/ALEPH_1996_S3486095/d17-x01-y01 //media/adil/70aa4125-8ea2-43be-afcf-88b43c0b7507/adil/Work/QCD_events/EtaUp.yoda/ALEPH_1996_S3486095/d17-x01-y01
DrawOnly=/ALEPH_1996_S3486095/d17-x01-y01 //media/adil/70aa4125-8ea2-43be-afcf-88b43c0b7507/adil/Work/QCD_events/Monash.yoda/ALEPH_1996_S3486095/d17-x01-y01 //media/adil/70aa4125-8ea2-43be-afcf-88b43c0b7507/adil/Work/QCD_events/RhoDown.yoda/ALEPH_1996_S3486095/d17-x01-y01 //media/adil/70aa4125-8ea2-43be-afcf-88b43c0b7507/adil/Work/QCD_events/RhoUp.yoda/ALEPH_1996_S3486095/d17-x01-y01 //media/adil/70aa4125-8ea2-43be-afcf-88b43c0b7507/adil/Work/QCD_events/EtaDown.yoda/ALEPH_1996_S3486095/d17-x01-y01 //media/adil/70aa4125-8ea2-43be-afcf-88b43c0b7507/adil/Work/QCD_events/EtaUp.yoda/ALEPH_1996_S3486095/d17-x01-y01
Title=Log of scaled momentum, $\log(1/x_p)$ (charged)
RatioPlot=1
LogY=1
FullRange=1
RatioPlotReference=/ALEPH_1996_S3486095/d17-x01-y01
XLabel=$\xi_p$
YLabel=$1/\sigma \, \text{d}{\sigma}/\text{d}{\xi_p}$
LegendYPos=0.8
Legend=1
# END PLOT

# BEGIN HISTO1D /ALEPH_1996_S3486095/d17-x01-y01
ConnectBins=0
ErrorBars=1
IsRef=1
Path=/ALEPH_1996_S3486095/d17-x01-y01
PolyMarker=*
Title=Data
# xlow	 xhigh	 val	 errminus	 errplus
2.000000e-01	3.000000e-01	4.770000e-02	1.421267e-03	1.421267e-03
3.000000e-01	4.000000e-01	9.150000e-02	2.475884e-03	2.475884e-03
4.000000e-01	5.000000e-01	1.483000e-01	3.500000e-03	3.500000e-03
5.000000e-01	6.000000e-01	2.283000e-01	5.024938e-03	5.024938e-03
6.000000e-01	7.000000e-01	3.320000e-01	7.155418e-03	7.155418e-03
7.000000e-01	8.000000e-01	4.514000e-01	1.010198e-02	1.010198e-02
8.000000e-01	9.000000e-01	5.971000e-01	1.350296e-02	1.350296e-02
9.000000e-01	1.000000e+00	7.699000e-01	1.483273e-02	1.483273e-02
1.000000e+00	1.100000e+00	9.605000e-01	1.306790e-02	1.306790e-02
1.100000e+00	1.200000e+00	1.169000e+00	1.252996e-02	1.252996e-02
1.200000e+00	1.300000e+00	1.413000e+00	1.476482e-02	1.476482e-02
1.300000e+00	1.400000e+00	1.653000e+00	1.746425e-02	1.746425e-02
1.400000e+00	1.500000e+00	1.905000e+00	1.969772e-02	1.969772e-02
1.500000e+00	1.600000e+00	2.199000e+00	2.247221e-02	2.247221e-02
1.600000e+00	1.700000e+00	2.473000e+00	2.563201e-02	2.563201e-02
1.700000e+00	1.800000e+00	2.757000e+00	2.657066e-02	2.657066e-02
1.800000e+00	1.900000e+00	3.043000e+00	2.692582e-02	2.692582e-02
1.900000e+00	2.000000e+00	3.337000e+00	2.692582e-02	2.692582e-02
2.000000e+00	2.100000e+00	3.653000e+00	2.915476e-02	2.915476e-02
2.100000e+00	2.200000e+00	3.913000e+00	2.915476e-02	2.915476e-02
2.200000e+00	2.300000e+00	4.211000e+00	2.915476e-02	2.915476e-02
2.300000e+00	2.400000e+00	4.509000e+00	3.046309e-02	3.046309e-02
2.400000e+00	2.500000e+00	4.747000e+00	3.231099e-02	3.231099e-02
2.500000e+00	2.600000e+00	4.975000e+00	3.361547e-02	3.361547e-02
2.600000e+00	2.700000e+00	5.240000e+00	3.269557e-02	3.269557e-02
2.700000e+00	2.800000e+00	5.431000e+00	3.178050e-02	3.178050e-02
2.800000e+00	2.900000e+00	5.668000e+00	3.087070e-02	3.087070e-02
2.900000e+00	3.000000e+00	5.863000e+00	2.952965e-02	2.952965e-02
3.000000e+00	3.100000e+00	6.054000e+00	3.130495e-02	3.130495e-02
3.100000e+00	3.200000e+00	6.124000e+00	3.220248e-02	3.220248e-02
3.200000e+00	3.300000e+00	6.269000e+00	3.401470e-02	3.401470e-02
3.300000e+00	3.400000e+00	6.377000e+00	3.310589e-02	3.310589e-02
3.400000e+00	3.500000e+00	6.474000e+00	3.088689e-02	3.088689e-02
3.500000e+00	3.600000e+00	6.455000e+00	2.865310e-02	2.865310e-02
3.600000e+00	3.700000e+00	6.503000e+00	3.001666e-02	3.001666e-02
3.700000e+00	3.800000e+00	6.497000e+00	3.088689e-02	3.088689e-02
3.800000e+00	3.900000e+00	6.436000e+00	3.088689e-02	3.088689e-02
3.900000e+00	4.000000e+00	6.338000e+00	3.220248e-02	3.220248e-02
4.000000e+00	4.100000e+00	6.149000e+00	3.584690e-02	3.584690e-02
4.100000e+00	4.200000e+00	6.062000e+00	3.676955e-02	3.676955e-02
4.200000e+00	4.300000e+00	5.899000e+00	3.584690e-02	3.584690e-02
4.300000e+00	4.400000e+00	5.698000e+00	3.584690e-02	3.584690e-02
4.400000e+00	4.500000e+00	5.554000e+00	3.676955e-02	3.676955e-02
4.500000e+00	4.600000e+00	5.127000e+00	4.016217e-02	4.016217e-02
4.600000e+00	4.700000e+00	4.778000e+00	4.684015e-02	4.684015e-02
4.700000e+00	4.800000e+00	4.641000e+00	5.263079e-02	5.263079e-02
4.800000e+00	4.900000e+00	4.190000e+00	5.629387e-02	5.629387e-02
4.900000e+00	5.000000e+00	3.772000e+00	6.216912e-02	6.216912e-02
5.000000e+00	5.100000e+00	3.358000e+00	4.729693e-02	4.729693e-02
5.100000e+00	5.200000e+00	2.951000e+00	6.789698e-02	6.789698e-02
5.200000e+00	5.300000e+00	2.565000e+00	2.272202e-01	2.272202e-01
5.300000e+00	5.400000e+00	2.185000e+00	6.900725e-01	6.900725e-01
# END HISTO1D

# BEGIN HISTO1D //media/adil/70aa4125-8ea2-43be-afcf-88b43c0b7507/adil/Work/QCD_events/Monash.yoda/ALEPH_1996_S3486095/d17-x01-y01
IsRef=1
LineColor=red
LineStyle=solid
LineWidth=1.3pt
Path=//media/adil/70aa4125-8ea2-43be-afcf-88b43c0b7507/adil/Work/QCD_events/Monash.yoda/ALEPH_1996_S3486095/d17-x01-y01
ScaledBy=4.99999999999999977e-07
Title=nominal
XLabel=
YLabel=
# xlow	 xhigh	 val	 errminus	 errplus
2.000000e-01	3.000000e-01	5.018500e-02	5.009241e-04	5.009241e-04
3.000000e-01	4.000000e-01	9.522500e-02	6.900181e-04	6.900181e-04
4.000000e-01	5.000000e-01	1.568550e-01	8.855930e-04	8.855930e-04
5.000000e-01	6.000000e-01	2.430100e-01	1.102293e-03	1.102293e-03
6.000000e-01	7.000000e-01	3.461600e-01	1.315599e-03	1.315599e-03
7.000000e-01	8.000000e-01	4.737050e-01	1.539001e-03	1.539001e-03
8.000000e-01	9.000000e-01	6.250700e-01	1.767866e-03	1.767866e-03
9.000000e-01	1.000000e+00	7.883750e-01	1.985416e-03	1.985416e-03
1.000000e+00	1.100000e+00	9.785100e-01	2.211911e-03	2.211911e-03
1.100000e+00	1.200000e+00	1.185760e+00	2.434913e-03	2.434913e-03
1.200000e+00	1.300000e+00	1.409025e+00	2.654265e-03	2.654265e-03
1.300000e+00	1.400000e+00	1.650710e+00	2.872899e-03	2.872899e-03
1.400000e+00	1.500000e+00	1.900720e+00	3.082791e-03	3.082791e-03
1.500000e+00	1.600000e+00	2.161340e+00	3.287355e-03	3.287355e-03
1.600000e+00	1.700000e+00	2.426940e+00	3.483490e-03	3.483490e-03
1.700000e+00	1.800000e+00	2.703715e+00	3.676761e-03	3.676761e-03
1.800000e+00	1.900000e+00	2.986495e+00	3.864255e-03	3.864255e-03
1.900000e+00	2.000000e+00	3.272145e+00	4.044839e-03	4.044839e-03
2.000000e+00	2.100000e+00	3.542385e+00	4.208553e-03	4.208553e-03
2.100000e+00	2.200000e+00	3.815035e+00	4.367514e-03	4.367514e-03
2.200000e+00	2.300000e+00	4.081920e+00	4.517699e-03	4.517699e-03
2.300000e+00	2.400000e+00	4.332320e+00	4.654202e-03	4.654202e-03
2.400000e+00	2.500000e+00	4.595560e+00	4.793516e-03	4.793516e-03
2.500000e+00	2.600000e+00	4.828400e+00	4.913451e-03	4.913451e-03
2.600000e+00	2.700000e+00	5.056620e+00	5.028230e-03	5.028230e-03
2.700000e+00	2.800000e+00	5.289490e+00	5.142708e-03	5.142708e-03
2.800000e+00	2.900000e+00	5.491890e+00	5.240177e-03	5.240177e-03
2.900000e+00	3.000000e+00	5.700070e+00	5.338572e-03	5.338572e-03
3.000000e+00	3.100000e+00	5.874780e+00	5.419769e-03	5.419769e-03
3.100000e+00	3.200000e+00	6.043870e+00	5.497213e-03	5.497213e-03
3.200000e+00	3.300000e+00	6.180540e+00	5.559020e-03	5.559020e-03
3.300000e+00	3.400000e+00	6.300540e+00	5.612727e-03	5.612727e-03
3.400000e+00	3.500000e+00	6.396710e+00	5.655400e-03	5.655400e-03
3.500000e+00	3.600000e+00	6.463095e+00	5.684671e-03	5.684671e-03
3.600000e+00	3.700000e+00	6.492510e+00	5.697592e-03	5.697592e-03
3.700000e+00	3.800000e+00	6.492350e+00	5.697521e-03	5.697521e-03
3.800000e+00	3.900000e+00	6.450170e+00	5.678983e-03	5.678983e-03
3.900000e+00	4.000000e+00	6.371630e+00	5.644302e-03	5.644302e-03
4.000000e+00	4.100000e+00	6.217245e+00	5.575502e-03	5.575502e-03
4.100000e+00	4.200000e+00	6.054745e+00	5.502156e-03	5.502156e-03
4.200000e+00	4.300000e+00	5.824765e+00	5.396650e-03	5.396650e-03
4.300000e+00	4.400000e+00	5.564080e+00	5.274505e-03	5.274505e-03
4.400000e+00	4.500000e+00	5.261990e+00	5.129323e-03	5.129323e-03
4.500000e+00	4.600000e+00	4.933365e+00	4.966570e-03	4.966570e-03
4.600000e+00	4.700000e+00	4.571480e+00	4.780941e-03	4.780941e-03
4.700000e+00	4.800000e+00	4.202080e+00	4.583710e-03	4.583710e-03
4.800000e+00	4.900000e+00	3.824060e+00	4.372677e-03	4.372677e-03
4.900000e+00	5.000000e+00	3.436945e+00	4.145446e-03	4.145446e-03
5.000000e+00	5.100000e+00	3.057610e+00	3.909994e-03	3.909994e-03
5.100000e+00	5.200000e+00	2.697590e+00	3.672594e-03	3.672594e-03
5.200000e+00	5.300000e+00	2.355605e+00	3.431912e-03	3.431912e-03
5.300000e+00	5.400000e+00	2.033860e+00	3.188934e-03	3.188934e-03
# END HISTO1D

# BEGIN HISTO1D //media/adil/70aa4125-8ea2-43be-afcf-88b43c0b7507/adil/Work/QCD_events/RhoDown.yoda/ALEPH_1996_S3486095/d17-x01-y01
IsRef=1
LineColor=red
LineStyle=dashed
LineWidth=1.3pt
Path=//media/adil/70aa4125-8ea2-43be-afcf-88b43c0b7507/adil/Work/QCD_events/RhoDown.yoda/ALEPH_1996_S3486095/d17-x01-y01
ScaledBy=5.00000000000000083e-07
Title=$\Delta\rho=-10\%$
XLabel=
YLabel=
# xlow	 xhigh	 val	 errminus	 errplus
2.000000e-01	3.000000e-01	5.021000e-02	5.010489e-04	5.010489e-04
3.000000e-01	4.000000e-01	9.687000e-02	6.959526e-04	6.959526e-04
4.000000e-01	5.000000e-01	1.577600e-01	8.881441e-04	8.881441e-04
5.000000e-01	6.000000e-01	2.437800e-01	1.104038e-03	1.104038e-03
6.000000e-01	7.000000e-01	3.481500e-01	1.319375e-03	1.319375e-03
7.000000e-01	8.000000e-01	4.750450e-01	1.541176e-03	1.541176e-03
8.000000e-01	9.000000e-01	6.251700e-01	1.768007e-03	1.768007e-03
9.000000e-01	1.000000e+00	7.935050e-01	1.991865e-03	1.991865e-03
1.000000e+00	1.100000e+00	9.830150e-01	2.216997e-03	2.216997e-03
1.100000e+00	1.200000e+00	1.184545e+00	2.433665e-03	2.433665e-03
1.200000e+00	1.300000e+00	1.408985e+00	2.654228e-03	2.654228e-03
1.300000e+00	1.400000e+00	1.650595e+00	2.872799e-03	2.872799e-03
1.400000e+00	1.500000e+00	1.899825e+00	3.082065e-03	3.082065e-03
1.500000e+00	1.600000e+00	2.160665e+00	3.286842e-03	3.286842e-03
1.600000e+00	1.700000e+00	2.420685e+00	3.478998e-03	3.478998e-03
1.700000e+00	1.800000e+00	2.701710e+00	3.675398e-03	3.675398e-03
1.800000e+00	1.900000e+00	2.987110e+00	3.864654e-03	3.864654e-03
1.900000e+00	2.000000e+00	3.259630e+00	4.037097e-03	4.037097e-03
2.000000e+00	2.100000e+00	3.535830e+00	4.204658e-03	4.204658e-03
2.100000e+00	2.200000e+00	3.811645e+00	4.365573e-03	4.365573e-03
2.200000e+00	2.300000e+00	4.081745e+00	4.517602e-03	4.517602e-03
2.300000e+00	2.400000e+00	4.324695e+00	4.650105e-03	4.650105e-03
2.400000e+00	2.500000e+00	4.574900e+00	4.782729e-03	4.782729e-03
2.500000e+00	2.600000e+00	4.817555e+00	4.907930e-03	4.907930e-03
2.600000e+00	2.700000e+00	5.047895e+00	5.023891e-03	5.023891e-03
2.700000e+00	2.800000e+00	5.272330e+00	5.134360e-03	5.134360e-03
2.800000e+00	2.900000e+00	5.478200e+00	5.233641e-03	5.233641e-03
2.900000e+00	3.000000e+00	5.680020e+00	5.329174e-03	5.329174e-03
3.000000e+00	3.100000e+00	5.848635e+00	5.407696e-03	5.407696e-03
3.100000e+00	3.200000e+00	6.017105e+00	5.485028e-03	5.485028e-03
3.200000e+00	3.300000e+00	6.164295e+00	5.551710e-03	5.551710e-03
3.300000e+00	3.400000e+00	6.276975e+00	5.602221e-03	5.602221e-03
3.400000e+00	3.500000e+00	6.360955e+00	5.639573e-03	5.639573e-03
3.500000e+00	3.600000e+00	6.431210e+00	5.670630e-03	5.670630e-03
3.600000e+00	3.700000e+00	6.453715e+00	5.680544e-03	5.680544e-03
3.700000e+00	3.800000e+00	6.449510e+00	5.678693e-03	5.678693e-03
3.800000e+00	3.900000e+00	6.413680e+00	5.662897e-03	5.662897e-03
3.900000e+00	4.000000e+00	6.324505e+00	5.623391e-03	5.623391e-03
4.000000e+00	4.100000e+00	6.187235e+00	5.562030e-03	5.562030e-03
4.100000e+00	4.200000e+00	6.005175e+00	5.479588e-03	5.479588e-03
4.200000e+00	4.300000e+00	5.775955e+00	5.373991e-03	5.373991e-03
4.300000e+00	4.400000e+00	5.515680e+00	5.251514e-03	5.251514e-03
4.400000e+00	4.500000e+00	5.212355e+00	5.105074e-03	5.105074e-03
4.500000e+00	4.600000e+00	4.888330e+00	4.943850e-03	4.943850e-03
4.600000e+00	4.700000e+00	4.533845e+00	4.761221e-03	4.761221e-03
4.700000e+00	4.800000e+00	4.155530e+00	4.558251e-03	4.558251e-03
4.800000e+00	4.900000e+00	3.772905e+00	4.343332e-03	4.343332e-03
4.900000e+00	5.000000e+00	3.403450e+00	4.125197e-03	4.125197e-03
5.000000e+00	5.100000e+00	3.028270e+00	3.891189e-03	3.891189e-03
5.100000e+00	5.200000e+00	2.669990e+00	3.653758e-03	3.653758e-03
5.200000e+00	5.300000e+00	2.326455e+00	3.410613e-03	3.410613e-03
5.300000e+00	5.400000e+00	2.005250e+00	3.166425e-03	3.166425e-03
# END HISTO1D

# BEGIN HISTO1D //media/adil/70aa4125-8ea2-43be-afcf-88b43c0b7507/adil/Work/QCD_events/RhoUp.yoda/ALEPH_1996_S3486095/d17-x01-y01
IsRef=1
LineColor=red
LineStyle=dotdashed
LineWidth=1.3pt
Path=//media/adil/70aa4125-8ea2-43be-afcf-88b43c0b7507/adil/Work/QCD_events/RhoUp.yoda/ALEPH_1996_S3486095/d17-x01-y01
ScaledBy=4.99999999999999977e-07
Title=$\Delta\rho=+10\%$
XLabel=
YLabel=
# xlow	 xhigh	 val	 errminus	 errplus
2.000000e-01	3.000000e-01	4.941500e-02	4.970664e-04	4.970664e-04
3.000000e-01	4.000000e-01	9.471500e-02	6.881679e-04	6.881679e-04
4.000000e-01	5.000000e-01	1.587300e-01	8.908704e-04	8.908704e-04
5.000000e-01	6.000000e-01	2.409950e-01	1.097714e-03	1.097714e-03
6.000000e-01	7.000000e-01	3.475700e-01	1.318275e-03	1.318275e-03
7.000000e-01	8.000000e-01	4.731100e-01	1.538034e-03	1.538034e-03
8.000000e-01	9.000000e-01	6.178800e-01	1.757669e-03	1.757669e-03
9.000000e-01	1.000000e+00	7.908850e-01	1.988574e-03	1.988574e-03
1.000000e+00	1.100000e+00	9.747200e-01	2.207623e-03	2.207623e-03
1.100000e+00	1.200000e+00	1.186530e+00	2.435703e-03	2.435703e-03
1.200000e+00	1.300000e+00	1.411150e+00	2.656266e-03	2.656266e-03
1.300000e+00	1.400000e+00	1.644880e+00	2.867821e-03	2.867821e-03
1.400000e+00	1.500000e+00	1.892285e+00	3.075943e-03	3.075943e-03
1.500000e+00	1.600000e+00	2.154800e+00	3.282377e-03	3.282377e-03
1.600000e+00	1.700000e+00	2.430965e+00	3.486378e-03	3.486378e-03
1.700000e+00	1.800000e+00	2.705745e+00	3.678141e-03	3.678141e-03
1.800000e+00	1.900000e+00	2.988930e+00	3.865831e-03	3.865831e-03
1.900000e+00	2.000000e+00	3.269060e+00	4.042932e-03	4.042932e-03
2.000000e+00	2.100000e+00	3.544460e+00	4.209786e-03	4.209786e-03
2.100000e+00	2.200000e+00	3.819695e+00	4.370181e-03	4.370181e-03
2.200000e+00	2.300000e+00	4.087730e+00	4.520913e-03	4.520913e-03
2.300000e+00	2.400000e+00	4.348520e+00	4.662896e-03	4.662896e-03
2.400000e+00	2.500000e+00	4.604735e+00	4.798299e-03	4.798299e-03
2.500000e+00	2.600000e+00	4.843045e+00	4.920896e-03	4.920896e-03
2.600000e+00	2.700000e+00	5.075910e+00	5.037812e-03	5.037812e-03
2.700000e+00	2.800000e+00	5.306755e+00	5.151095e-03	5.151095e-03
2.800000e+00	2.900000e+00	5.507475e+00	5.247607e-03	5.247607e-03
2.900000e+00	3.000000e+00	5.718975e+00	5.347418e-03	5.347418e-03
3.000000e+00	3.100000e+00	5.898270e+00	5.430594e-03	5.430594e-03
3.100000e+00	3.200000e+00	6.060555e+00	5.504795e-03	5.504795e-03
3.200000e+00	3.300000e+00	6.210740e+00	5.572585e-03	5.572585e-03
3.300000e+00	3.400000e+00	6.317200e+00	5.620142e-03	5.620142e-03
3.400000e+00	3.500000e+00	6.424975e+00	5.667881e-03	5.667881e-03
3.500000e+00	3.600000e+00	6.483040e+00	5.693435e-03	5.693435e-03
3.600000e+00	3.700000e+00	6.530365e+00	5.714177e-03	5.714177e-03
3.700000e+00	3.800000e+00	6.520895e+00	5.710032e-03	5.710032e-03
3.800000e+00	3.900000e+00	6.484895e+00	5.694249e-03	5.694249e-03
3.900000e+00	4.000000e+00	6.390965e+00	5.652859e-03	5.652859e-03
4.000000e+00	4.100000e+00	6.273280e+00	5.600571e-03	5.600571e-03
4.100000e+00	4.200000e+00	6.091485e+00	5.518824e-03	5.518824e-03
4.200000e+00	4.300000e+00	5.868930e+00	5.417070e-03	5.417070e-03
4.300000e+00	4.400000e+00	5.607495e+00	5.295042e-03	5.295042e-03
4.400000e+00	4.500000e+00	5.305355e+00	5.150415e-03	5.150415e-03
4.500000e+00	4.600000e+00	4.966505e+00	4.983224e-03	4.983224e-03
4.600000e+00	4.700000e+00	4.609065e+00	4.800554e-03	4.800554e-03
4.700000e+00	4.800000e+00	4.232695e+00	4.600377e-03	4.600377e-03
4.800000e+00	4.900000e+00	3.859350e+00	4.392807e-03	4.392807e-03
4.900000e+00	5.000000e+00	3.469040e+00	4.164757e-03	4.164757e-03
5.000000e+00	5.100000e+00	3.089615e+00	3.930403e-03	3.930403e-03
5.100000e+00	5.200000e+00	2.721815e+00	3.689047e-03	3.689047e-03
5.200000e+00	5.300000e+00	2.373315e+00	3.444789e-03	3.444789e-03
5.300000e+00	5.400000e+00	2.046815e+00	3.199073e-03	3.199073e-03
# END HISTO1D

# BEGIN HISTO1D //media/adil/70aa4125-8ea2-43be-afcf-88b43c0b7507/adil/Work/QCD_events/EtaDown.yoda/ALEPH_1996_S3486095/d17-x01-y01
IsRef=1
LineColor=blue
LineStyle=dashed
LineWidth=1.3pt
Path=//media/adil/70aa4125-8ea2-43be-afcf-88b43c0b7507/adil/Work/QCD_events/EtaDown.yoda/ALEPH_1996_S3486095/d17-x01-y01
ScaledBy=5.00000500000500058e-07
Title=$\Delta\eta=-10\%$
XLabel=
YLabel=
# xlow	 xhigh	 val	 errminus	 errplus
2.000000e-01	3.000000e-01	5.066505e-02	5.033145e-04	5.033145e-04
3.000000e-01	4.000000e-01	9.458509e-02	6.876961e-04	6.876961e-04
4.000000e-01	5.000000e-01	1.585202e-01	8.902818e-04	8.902818e-04
5.000000e-01	6.000000e-01	2.436552e-01	1.103756e-03	1.103756e-03
6.000000e-01	7.000000e-01	3.492303e-01	1.321421e-03	1.321421e-03
7.000000e-01	8.000000e-01	4.739805e-01	1.539450e-03	1.539450e-03
8.000000e-01	9.000000e-01	6.242706e-01	1.766736e-03	1.766736e-03
9.000000e-01	1.000000e+00	7.922308e-01	1.990266e-03	1.990266e-03
1.000000e+00	1.100000e+00	9.827310e-01	2.216678e-03	2.216678e-03
1.100000e+00	1.200000e+00	1.186211e+00	2.435377e-03	2.435377e-03
1.200000e+00	1.300000e+00	1.411191e+00	2.656306e-03	2.656306e-03
1.300000e+00	1.400000e+00	1.653112e+00	2.874990e-03	2.874990e-03
1.400000e+00	1.500000e+00	1.902402e+00	3.084156e-03	3.084156e-03
1.500000e+00	1.600000e+00	2.156492e+00	3.283667e-03	3.283667e-03
1.600000e+00	1.700000e+00	2.435812e+00	3.489852e-03	3.489852e-03
1.700000e+00	1.800000e+00	2.710143e+00	3.681132e-03	3.681132e-03
1.800000e+00	1.900000e+00	2.994998e+00	3.869755e-03	3.869755e-03
1.900000e+00	2.000000e+00	3.276063e+00	4.047262e-03	4.047262e-03
2.000000e+00	2.100000e+00	3.551444e+00	4.213934e-03	4.213934e-03
2.100000e+00	2.200000e+00	3.820589e+00	4.370693e-03	4.370693e-03
2.200000e+00	2.300000e+00	4.091289e+00	4.522883e-03	4.522883e-03
2.300000e+00	2.400000e+00	4.353979e+00	4.665825e-03	4.665825e-03
2.400000e+00	2.500000e+00	4.594485e+00	4.792958e-03	4.792958e-03
2.500000e+00	2.600000e+00	4.850810e+00	4.924842e-03	4.924842e-03
2.600000e+00	2.700000e+00	5.072450e+00	5.036098e-03	5.036098e-03
2.700000e+00	2.800000e+00	5.297585e+00	5.146645e-03	5.146645e-03
2.800000e+00	2.900000e+00	5.506656e+00	5.247219e-03	5.247219e-03
2.900000e+00	3.000000e+00	5.710896e+00	5.343642e-03	5.343642e-03
3.000000e+00	3.100000e+00	5.892811e+00	5.428083e-03	5.428083e-03
3.100000e+00	3.200000e+00	6.053481e+00	5.501585e-03	5.501585e-03
3.200000e+00	3.300000e+00	6.196281e+00	5.566097e-03	5.566097e-03
3.300000e+00	3.400000e+00	6.330551e+00	5.626081e-03	5.626081e-03
3.400000e+00	3.500000e+00	6.410756e+00	5.661608e-03	5.661608e-03
3.500000e+00	3.600000e+00	6.466421e+00	5.686136e-03	5.686136e-03
3.600000e+00	3.700000e+00	6.498816e+00	5.700361e-03	5.700361e-03
3.700000e+00	3.800000e+00	6.510682e+00	5.705562e-03	5.705562e-03
3.800000e+00	3.900000e+00	6.458496e+00	5.682650e-03	5.682650e-03
3.900000e+00	4.000000e+00	6.375021e+00	5.645807e-03	5.645807e-03
4.000000e+00	4.100000e+00	6.240236e+00	5.585804e-03	5.585804e-03
4.100000e+00	4.200000e+00	6.063181e+00	5.505991e-03	5.505991e-03
4.200000e+00	4.300000e+00	5.826296e+00	5.397361e-03	5.397361e-03
4.300000e+00	4.400000e+00	5.572241e+00	5.278374e-03	5.278374e-03
4.400000e+00	4.500000e+00	5.262830e+00	5.129735e-03	5.129735e-03
4.500000e+00	4.600000e+00	4.934640e+00	4.967215e-03	4.967215e-03
4.600000e+00	4.700000e+00	4.573765e+00	4.782139e-03	4.782139e-03
4.700000e+00	4.800000e+00	4.200254e+00	4.582716e-03	4.582716e-03
4.800000e+00	4.900000e+00	3.817104e+00	4.368700e-03	4.368700e-03
4.900000e+00	5.000000e+00	3.438948e+00	4.146656e-03	4.146656e-03
5.000000e+00	5.100000e+00	3.057573e+00	3.909972e-03	3.909972e-03
5.100000e+00	5.200000e+00	2.698223e+00	3.673027e-03	3.673027e-03
5.200000e+00	5.300000e+00	2.352157e+00	3.429402e-03	3.429402e-03
5.300000e+00	5.400000e+00	2.027522e+00	3.183963e-03	3.183963e-03
# END HISTO1D

# BEGIN HISTO1D //media/adil/70aa4125-8ea2-43be-afcf-88b43c0b7507/adil/Work/QCD_events/EtaUp.yoda/ALEPH_1996_S3486095/d17-x01-y01
IsRef=1
LineColor=blue
LineStyle=dotdashed
LineWidth=1.3pt$
Path=//media/adil/70aa4125-8ea2-43be-afcf-88b43c0b7507/adil/Work/QCD_events/EtaUp.yoda/ALEPH_1996_S3486095/d17-x01-y01
ScaledBy=5.00000000000000083e-07
Title=$\Delta\eta=+10\%$
XLabel=
YLabel=
# xlow	 xhigh	 val	 errminus	 errplus
2.000000e-01	3.000000e-01	4.995500e-02	4.997749e-04	4.997749e-04
3.000000e-01	4.000000e-01	9.491500e-02	6.888940e-04	6.888940e-04
4.000000e-01	5.000000e-01	1.575950e-01	8.876796e-04	8.876796e-04
5.000000e-01	6.000000e-01	2.409950e-01	1.097714e-03	1.097714e-03
6.000000e-01	7.000000e-01	3.482650e-01	1.319593e-03	1.319593e-03
7.000000e-01	8.000000e-01	4.736900e-01	1.538977e-03	1.538977e-03
8.000000e-01	9.000000e-01	6.216550e-01	1.763030e-03	1.763030e-03
9.000000e-01	1.000000e+00	7.897850e-01	1.987190e-03	1.987190e-03
1.000000e+00	1.100000e+00	9.773650e-01	2.210616e-03	2.210616e-03
1.100000e+00	1.200000e+00	1.182790e+00	2.431861e-03	2.431861e-03
1.200000e+00	1.300000e+00	1.399430e+00	2.645213e-03	2.645213e-03
1.300000e+00	1.400000e+00	1.640475e+00	2.863979e-03	2.863979e-03
1.400000e+00	1.500000e+00	1.887900e+00	3.072377e-03	3.072377e-03
1.500000e+00	1.600000e+00	2.153575e+00	3.281445e-03	3.281445e-03
1.600000e+00	1.700000e+00	2.424180e+00	3.481508e-03	3.481508e-03
1.700000e+00	1.800000e+00	2.699390e+00	3.673820e-03	3.673820e-03
1.800000e+00	1.900000e+00	2.977040e+00	3.858134e-03	3.858134e-03
1.900000e+00	2.000000e+00	3.259590e+00	4.037072e-03	4.037072e-03
2.000000e+00	2.100000e+00	3.534090e+00	4.203623e-03	4.203623e-03
2.100000e+00	2.200000e+00	3.810520e+00	4.364928e-03	4.364928e-03
2.200000e+00	2.300000e+00	4.066710e+00	4.509274e-03	4.509274e-03
2.300000e+00	2.400000e+00	4.326995e+00	4.651342e-03	4.651342e-03
2.400000e+00	2.500000e+00	4.572835e+00	4.781650e-03	4.781650e-03
2.500000e+00	2.600000e+00	4.816565e+00	4.907426e-03	4.907426e-03
2.600000e+00	2.700000e+00	5.059120e+00	5.029473e-03	5.029473e-03
2.700000e+00	2.800000e+00	5.277905e+00	5.137074e-03	5.137074e-03
2.800000e+00	2.900000e+00	5.489465e+00	5.239020e-03	5.239020e-03
2.900000e+00	3.000000e+00	5.683210e+00	5.330671e-03	5.330671e-03
3.000000e+00	3.100000e+00	5.865685e+00	5.415573e-03	5.415573e-03
3.100000e+00	3.200000e+00	6.030660e+00	5.491202e-03	5.491202e-03
3.200000e+00	3.300000e+00	6.161710e+00	5.550545e-03	5.550545e-03
3.300000e+00	3.400000e+00	6.285775e+00	5.606147e-03	5.606147e-03
3.400000e+00	3.500000e+00	6.380965e+00	5.648436e-03	5.648436e-03
3.500000e+00	3.600000e+00	6.442195e+00	5.675472e-03	5.675472e-03
3.600000e+00	3.700000e+00	6.476915e+00	5.690745e-03	5.690745e-03
3.700000e+00	3.800000e+00	6.471655e+00	5.688434e-03	5.688434e-03
3.800000e+00	3.900000e+00	6.427580e+00	5.669030e-03	5.669030e-03
3.900000e+00	4.000000e+00	6.351510e+00	5.635384e-03	5.635384e-03
4.000000e+00	4.100000e+00	6.216835e+00	5.575319e-03	5.575319e-03
4.100000e+00	4.200000e+00	6.037875e+00	5.494486e-03	5.494486e-03
4.200000e+00	4.300000e+00	5.814250e+00	5.391776e-03	5.391776e-03
4.300000e+00	4.400000e+00	5.558140e+00	5.271689e-03	5.271689e-03
4.400000e+00	4.500000e+00	5.255935e+00	5.126371e-03	5.126371e-03
4.500000e+00	4.600000e+00	4.924335e+00	4.962024e-03	4.962024e-03
4.600000e+00	4.700000e+00	4.563040e+00	4.776526e-03	4.776526e-03
4.700000e+00	4.800000e+00	4.198460e+00	4.581735e-03	4.581735e-03
4.800000e+00	4.900000e+00	3.813695e+00	4.366747e-03	4.366747e-03
4.900000e+00	5.000000e+00	3.435365e+00	4.144494e-03	4.144494e-03
5.000000e+00	5.100000e+00	3.058675e+00	3.910675e-03	3.910675e-03
5.100000e+00	5.200000e+00	2.699085e+00	3.673613e-03	3.673613e-03
5.200000e+00	5.300000e+00	2.353570e+00	3.430430e-03	3.430430e-03
5.300000e+00	5.400000e+00	2.029370e+00	3.185412e-03	3.185412e-03
# END HISTO1D

