# BEGIN PLOT
LegendOnly=/ALEPH_1996_S3486095/d18-x01-y01 //media/adil/70aa4125-8ea2-43be-afcf-88b43c0b7507/adil/Work/QCD_events/Monash.yoda/ALEPH_1996_S3486095/d18-x01-y01 //media/adil/70aa4125-8ea2-43be-afcf-88b43c0b7507/adil/Work/QCD_events/RhoDown.yoda/ALEPH_1996_S3486095/d18-x01-y01 //media/adil/70aa4125-8ea2-43be-afcf-88b43c0b7507/adil/Work/QCD_events/RhoUp.yoda/ALEPH_1996_S3486095/d18-x01-y01 //media/adil/70aa4125-8ea2-43be-afcf-88b43c0b7507/adil/Work/QCD_events/EtaDown.yoda/ALEPH_1996_S3486095/d18-x01-y01 //media/adil/70aa4125-8ea2-43be-afcf-88b43c0b7507/adil/Work/QCD_events/EtaUp.yoda/ALEPH_1996_S3486095/d18-x01-y01
DrawOnly=/ALEPH_1996_S3486095/d18-x01-y01 //media/adil/70aa4125-8ea2-43be-afcf-88b43c0b7507/adil/Work/QCD_events/Monash.yoda/ALEPH_1996_S3486095/d18-x01-y01 //media/adil/70aa4125-8ea2-43be-afcf-88b43c0b7507/adil/Work/QCD_events/RhoDown.yoda/ALEPH_1996_S3486095/d18-x01-y01 //media/adil/70aa4125-8ea2-43be-afcf-88b43c0b7507/adil/Work/QCD_events/RhoUp.yoda/ALEPH_1996_S3486095/d18-x01-y01 //media/adil/70aa4125-8ea2-43be-afcf-88b43c0b7507/adil/Work/QCD_events/EtaDown.yoda/ALEPH_1996_S3486095/d18-x01-y01 //media/adil/70aa4125-8ea2-43be-afcf-88b43c0b7507/adil/Work/QCD_events/EtaUp.yoda/ALEPH_1996_S3486095/d18-x01-y01
Title=Charged multiplicity distribution
RatioPlotReference=/ALEPH_1996_S3486095/d18-x01-y01
RatioPlot=1
LogY=1
LegendXPos=0.20
XLabel=$N_\text{ch}$
YLabel=$1/N \, \text{d}{N}/\text{d}{N_\text{ch}}$
LegendYPos=0.75
Legend=1
FullRange=1
# END PLOT

# BEGIN HISTO1D /ALEPH_1996_S3486095/d18-x01-y01
ConnectBins=0
ErrorBars=1
IsRef=1
Path=/ALEPH_1996_S3486095/d18-x01-y01
PolyMarker=*
Title=Data
# xlow	 xhigh	 val	 errminus	 errplus
3.000000e+00	5.000000e+00	2.000000e-03	3.201562e-03	3.201562e-03
5.000000e+00	7.000000e+00	2.100000e-03	2.657066e-03	2.657066e-03
7.000000e+00	9.000000e+00	5.800000e-03	2.416609e-03	2.416609e-03
9.000000e+00	1.100000e+01	2.660000e-02	3.328663e-03	3.328663e-03
1.100000e+01	1.300000e+01	5.310000e-02	7.111259e-03	7.111259e-03
1.300000e+01	1.500000e+01	7.900000e-02	1.360147e-02	1.360147e-02
1.500000e+01	1.700000e+01	1.280000e-01	1.581139e-02	1.581139e-02
1.700000e+01	1.900000e+01	1.180000e-01	1.868154e-02	1.868154e-02
1.900000e+01	2.100000e+01	1.330000e-01	1.300000e-02	1.300000e-02
2.100000e+01	2.300000e+01	1.220000e-01	1.077033e-02	1.077033e-02
2.300000e+01	2.500000e+01	9.000000e-02	1.077033e-02	1.077033e-02
2.500000e+01	2.700000e+01	7.600000e-02	6.931811e-03	6.931811e-03
2.700000e+01	2.900000e+01	5.590000e-02	7.026379e-03	7.026379e-03
2.900000e+01	3.100000e+01	3.890000e-02	3.940812e-03	3.940812e-03
3.100000e+01	3.300000e+01	2.640000e-02	3.244996e-03	3.244996e-03
3.300000e+01	3.500000e+01	1.660000e-02	2.247221e-03	2.247221e-03
3.500000e+01	3.700000e+01	1.050000e-02	1.972308e-03	1.972308e-03
3.700000e+01	3.900000e+01	8.000000e-03	1.612452e-03	1.612452e-03
3.900000e+01	4.100000e+01	4.400000e-03	1.081665e-03	1.081665e-03
4.100000e+01	4.300000e+01	1.900000e-03	6.403124e-04	6.403124e-04
4.300000e+01	4.500000e+01	9.100000e-04	4.565085e-04	4.565085e-04
4.500000e+01	4.700000e+01	7.600000e-04	6.264184e-04	6.264184e-04
4.700000e+01	4.900000e+01	3.000000e-05	1.100727e-03	1.100727e-03
4.900000e+01	5.100000e+01	3.800000e-04	4.825971e-04	4.825971e-04
5.100000e+01	5.300000e+01	2.300000e-04	2.193171e-04	2.193171e-04
5.300000e+01	5.500000e+01	1.300000e-04	2.441311e-04	2.441311e-04
# END HISTO1D

# BEGIN HISTO1D //media/adil/70aa4125-8ea2-43be-afcf-88b43c0b7507/adil/Work/QCD_events/Monash.yoda/ALEPH_1996_S3486095/d18-x01-y01
IsRef=1
LineColor=red
LineStyle=solid
LineWidth=1.3pt
Path=//media/adil/70aa4125-8ea2-43be-afcf-88b43c0b7507/adil/Work/QCD_events/Monash.yoda/ALEPH_1996_S3486095/d18-x01-y01
ScaledBy=9.99999999999999955e-07
Title=nominal
XLabel=
YLabel=
# xlow	 xhigh	 val	 errminus	 errplus
3.000000e+00	5.000000e+00	3.045000e-04	1.233896e-05	1.233896e-05
5.000000e+00	7.000000e+00	2.332500e-03	3.415040e-05	3.415040e-05
7.000000e+00	9.000000e+00	1.014650e-02	7.122675e-05	7.122675e-05
9.000000e+00	1.100000e+01	2.990550e-02	1.222814e-04	1.222814e-04
1.100000e+01	1.300000e+01	6.181450e-02	1.758046e-04	1.758046e-04
1.300000e+01	1.500000e+01	9.747600e-02	2.207668e-04	2.207668e-04
1.500000e+01	1.700000e+01	1.237950e-01	2.487921e-04	2.487921e-04
1.700000e+01	1.900000e+01	1.334285e-01	2.582910e-04	2.582910e-04
1.900000e+01	2.100000e+01	1.272435e-01	2.522335e-04	2.522335e-04
2.100000e+01	2.300000e+01	1.107840e-01	2.353551e-04	2.353551e-04
2.300000e+01	2.500000e+01	8.955000e-02	2.116010e-04	2.116010e-04
2.500000e+01	2.700000e+01	6.854350e-02	1.851263e-04	1.851263e-04
2.700000e+01	2.900000e+01	5.000850e-02	1.581273e-04	1.581273e-04
2.900000e+01	3.100000e+01	3.456250e-02	1.314582e-04	1.314582e-04
3.100000e+01	3.300000e+01	2.323400e-02	1.077822e-04	1.077822e-04
3.300000e+01	3.500000e+01	1.491600e-02	8.635971e-05	8.635971e-05
3.500000e+01	3.700000e+01	9.269000e-03	6.807716e-05	6.807716e-05
3.700000e+01	3.900000e+01	5.612500e-03	5.297405e-05	5.297405e-05
3.900000e+01	4.100000e+01	3.205000e-03	4.003124e-05	4.003124e-05
4.100000e+01	4.300000e+01	1.807000e-03	3.005828e-05	3.005828e-05
4.300000e+01	4.500000e+01	9.780000e-04	2.211334e-05	2.211334e-05
4.500000e+01	4.700000e+01	5.190000e-04	1.610900e-05	1.610900e-05
4.700000e+01	4.900000e+01	2.805000e-04	1.184272e-05	1.184272e-05
4.900000e+01	5.100000e+01	1.390000e-04	8.336666e-06	8.336666e-06
5.100000e+01	5.300000e+01	6.550000e-05	5.722762e-06	5.722762e-06
5.300000e+01	5.500000e+01	3.300000e-05	4.062019e-06	4.062019e-06
# END HISTO1D

# BEGIN HISTO1D //media/adil/70aa4125-8ea2-43be-afcf-88b43c0b7507/adil/Work/QCD_events/RhoDown.yoda/ALEPH_1996_S3486095/d18-x01-y01
IsRef=1
LineColor=red
LineStyle=dashed
LineWidth=1.3pt
Path=//media/adil/70aa4125-8ea2-43be-afcf-88b43c0b7507/adil/Work/QCD_events/RhoDown.yoda/ALEPH_1996_S3486095/d18-x01-y01
ScaledBy=9.99999999999999955e-07
Title=$\Delta\rho=-10\%$
XLabel=
YLabel=
# xlow	 xhigh	 val	 errminus	 errplus
3.000000e+00	5.000000e+00	3.315000e-04	1.287439e-05	1.287439e-05
5.000000e+00	7.000000e+00	2.424000e-03	3.481379e-05	3.481379e-05
7.000000e+00	9.000000e+00	1.069200e-02	7.311635e-05	7.311635e-05
9.000000e+00	1.100000e+01	3.094750e-02	1.243935e-04	1.243935e-04
1.100000e+01	1.300000e+01	6.377950e-02	1.785770e-04	1.785770e-04
1.300000e+01	1.500000e+01	9.922650e-02	2.227403e-04	2.227403e-04
1.500000e+01	1.700000e+01	1.246590e-01	2.496588e-04	2.496588e-04
1.700000e+01	1.900000e+01	1.337260e-01	2.585788e-04	2.585788e-04
1.900000e+01	2.100000e+01	1.272895e-01	2.522791e-04	2.522791e-04
2.100000e+01	2.300000e+01	1.098025e-01	2.343102e-04	2.343102e-04
2.300000e+01	2.500000e+01	8.888000e-02	2.108080e-04	2.108080e-04
2.500000e+01	2.700000e+01	6.750350e-02	1.837165e-04	1.837165e-04
2.700000e+01	2.900000e+01	4.867050e-02	1.559976e-04	1.559976e-04
2.900000e+01	3.100000e+01	3.404850e-02	1.304770e-04	1.304770e-04
3.100000e+01	3.300000e+01	2.253150e-02	1.061402e-04	1.061402e-04
3.300000e+01	3.500000e+01	1.436650e-02	8.475406e-05	8.475406e-05
3.500000e+01	3.700000e+01	8.913000e-03	6.675702e-05	6.675702e-05
3.700000e+01	3.900000e+01	5.419000e-03	5.205286e-05	5.205286e-05
3.900000e+01	4.100000e+01	3.052000e-03	3.906405e-05	3.906405e-05
4.100000e+01	4.300000e+01	1.772000e-03	2.976575e-05	2.976575e-05
4.300000e+01	4.500000e+01	9.470000e-04	2.176006e-05	2.176006e-05
4.500000e+01	4.700000e+01	5.060000e-04	1.590597e-05	1.590597e-05
4.700000e+01	4.900000e+01	2.495000e-04	1.116915e-05	1.116915e-05
4.900000e+01	5.100000e+01	1.340000e-04	8.185353e-06	8.185353e-06
5.100000e+01	5.300000e+01	6.100000e-05	5.522681e-06	5.522681e-06
5.300000e+01	5.500000e+01	3.250000e-05	4.031129e-06	4.031129e-06
# END HISTO1D

# BEGIN HISTO1D //media/adil/70aa4125-8ea2-43be-afcf-88b43c0b7507/adil/Work/QCD_events/RhoUp.yoda/ALEPH_1996_S3486095/d18-x01-y01
IsRef=1
LineColor=red
LineStyle=dotdashed
LineWidth=1.3pt
Path=//media/adil/70aa4125-8ea2-43be-afcf-88b43c0b7507/adil/Work/QCD_events/RhoUp.yoda/ALEPH_1996_S3486095/d18-x01-y01
ScaledBy=9.99999999999999955e-07
Title=$\Delta\rho=+10\%$
XLabel=
YLabel=
# xlow	 xhigh	 val	 errminus	 errplus
3.000000e+00	5.000000e+00	2.935000e-04	1.211404e-05	1.211404e-05
5.000000e+00	7.000000e+00	2.148000e-03	3.277194e-05	3.277194e-05
7.000000e+00	9.000000e+00	9.781000e-03	6.993211e-05	6.993211e-05
9.000000e+00	1.100000e+01	2.864850e-02	1.196840e-04	1.196840e-04
1.100000e+01	1.300000e+01	6.054800e-02	1.739943e-04	1.739943e-04
1.300000e+01	1.500000e+01	9.633050e-02	2.194658e-04	2.194658e-04
1.500000e+01	1.700000e+01	1.226930e-01	2.476823e-04	2.476823e-04
1.700000e+01	1.900000e+01	1.333540e-01	2.582189e-04	2.582189e-04
1.900000e+01	2.100000e+01	1.278785e-01	2.528621e-04	2.528621e-04
2.100000e+01	2.300000e+01	1.109540e-01	2.355356e-04	2.355356e-04
2.300000e+01	2.500000e+01	9.021450e-02	2.123847e-04	2.123847e-04
2.500000e+01	2.700000e+01	6.937300e-02	1.862431e-04	1.862431e-04
2.700000e+01	2.900000e+01	5.062200e-02	1.590943e-04	1.590943e-04
2.900000e+01	3.100000e+01	3.532350e-02	1.328975e-04	1.328975e-04
3.100000e+01	3.300000e+01	2.365950e-02	1.087647e-04	1.087647e-04
3.300000e+01	3.500000e+01	1.526250e-02	8.735703e-05	8.735703e-05
3.500000e+01	3.700000e+01	9.542500e-03	6.907424e-05	6.907424e-05
3.700000e+01	3.900000e+01	5.916000e-03	5.438750e-05	5.438750e-05
3.900000e+01	4.100000e+01	3.393500e-03	4.119163e-05	4.119163e-05
4.100000e+01	4.300000e+01	1.889000e-03	3.073272e-05	3.073272e-05
4.300000e+01	4.500000e+01	1.024000e-03	2.262742e-05	2.262742e-05
4.500000e+01	4.700000e+01	5.980000e-04	1.729162e-05	1.729162e-05
4.700000e+01	4.900000e+01	2.745000e-04	1.171537e-05	1.171537e-05
4.900000e+01	5.100000e+01	1.225000e-04	7.826238e-06	7.826238e-06
5.100000e+01	5.300000e+01	7.450000e-05	6.103278e-06	6.103278e-06
5.300000e+01	5.500000e+01	3.250000e-05	4.031129e-06	4.031129e-06
# END HISTO1D

# BEGIN HISTO1D //media/adil/70aa4125-8ea2-43be-afcf-88b43c0b7507/adil/Work/QCD_events/EtaDown.yoda/ALEPH_1996_S3486095/d18-x01-y01
IsRef=1
LineColor=blue
LineStyle=dashed
LineWidth=1.3pt
Path=//media/adil/70aa4125-8ea2-43be-afcf-88b43c0b7507/adil/Work/QCD_events/EtaDown.yoda/ALEPH_1996_S3486095/d18-x01-y01
ScaledBy=1.00000100000099990e-06
Title=$\Delta\eta=-10\%$
XLabel=
YLabel=
# xlow	 xhigh	 val	 errminus	 errplus
3.000000e+00	5.000000e+00	2.925003e-04	1.209340e-05	1.209340e-05
5.000000e+00	7.000000e+00	2.174002e-03	3.296972e-05	3.296972e-05
7.000000e+00	9.000000e+00	1.001301e-02	7.075670e-05	7.075670e-05
9.000000e+00	1.100000e+01	2.944653e-02	1.213395e-04	1.213395e-04
1.100000e+01	1.300000e+01	6.158505e-02	1.754781e-04	1.754781e-04
1.300000e+01	1.500000e+01	9.717610e-02	2.204271e-04	2.204271e-04
1.500000e+01	1.700000e+01	1.236241e-01	2.486204e-04	2.486204e-04
1.700000e+01	1.900000e+01	1.331116e-01	2.579843e-04	2.579843e-04
1.900000e+01	2.100000e+01	1.273741e-01	2.523631e-04	2.523631e-04
2.100000e+01	2.300000e+01	1.110781e-01	2.356674e-04	2.356674e-04
2.300000e+01	2.500000e+01	8.974010e-02	2.118256e-04	2.118256e-04
2.500000e+01	2.700000e+01	6.893655e-02	1.856565e-04	1.856565e-04
2.700000e+01	2.900000e+01	5.014455e-02	1.583424e-04	1.583424e-04
2.900000e+01	3.100000e+01	3.484653e-02	1.319973e-04	1.319973e-04
3.100000e+01	3.300000e+01	2.300952e-02	1.072603e-04	1.072603e-04
3.300000e+01	3.500000e+01	1.513902e-02	8.700296e-05	8.700296e-05
3.500000e+01	3.700000e+01	9.410510e-03	6.859490e-05	6.859490e-05
3.700000e+01	3.900000e+01	5.639005e-03	5.309901e-05	5.309901e-05
3.900000e+01	4.100000e+01	3.277503e-03	4.048152e-05	4.048152e-05
4.100000e+01	4.300000e+01	1.866502e-03	3.054917e-05	3.054917e-05
4.300000e+01	4.500000e+01	1.030001e-03	2.269363e-05	2.269363e-05
4.500000e+01	4.700000e+01	5.185005e-04	1.610126e-05	1.610126e-05
4.700000e+01	4.900000e+01	2.905003e-04	1.205198e-05	1.205198e-05
4.900000e+01	5.100000e+01	1.355002e-04	8.231046e-06	8.231046e-06
5.100000e+01	5.300000e+01	6.550005e-05	5.722768e-06	5.722768e-06
5.300000e+01	5.500000e+01	2.550003e-05	3.570718e-06	3.570718e-06
# END HISTO1D

# BEGIN HISTO1D //media/adil/70aa4125-8ea2-43be-afcf-88b43c0b7507/adil/Work/QCD_events/EtaUp.yoda/ALEPH_1996_S3486095/d18-x01-y01
IsRef=1
LineColor=blue
LineStyle=dotdashed
LineWidth=1.3pt$
Path=//media/adil/70aa4125-8ea2-43be-afcf-88b43c0b7507/adil/Work/QCD_events/EtaUp.yoda/ALEPH_1996_S3486095/d18-x01-y01
ScaledBy=9.99999999999999955e-07
Title=$\Delta\eta=+10\%$
XLabel=
YLabel=
# xlow	 xhigh	 val	 errminus	 errplus
3.000000e+00	5.000000e+00	3.195000e-04	1.263922e-05	1.263922e-05
5.000000e+00	7.000000e+00	2.387500e-03	3.455069e-05	3.455069e-05
7.000000e+00	9.000000e+00	1.030950e-02	7.179659e-05	7.179659e-05
9.000000e+00	1.100000e+01	3.025350e-02	1.229909e-04	1.229909e-04
1.100000e+01	1.300000e+01	6.260000e-02	1.769181e-04	1.769181e-04
1.300000e+01	1.500000e+01	9.815500e-02	2.215344e-04	2.215344e-04
1.500000e+01	1.700000e+01	1.244745e-01	2.494739e-04	2.494739e-04
1.700000e+01	1.900000e+01	1.334160e-01	2.582789e-04	2.582789e-04
1.900000e+01	2.100000e+01	1.268165e-01	2.518099e-04	2.518099e-04
2.100000e+01	2.300000e+01	1.106280e-01	2.351893e-04	2.351893e-04
2.300000e+01	2.500000e+01	8.931500e-02	2.113232e-04	2.113232e-04
2.500000e+01	2.700000e+01	6.822000e-02	1.846889e-04	1.846889e-04
2.700000e+01	2.900000e+01	4.932950e-02	1.570502e-04	1.570502e-04
2.900000e+01	3.100000e+01	3.445750e-02	1.312583e-04	1.312583e-04
3.100000e+01	3.300000e+01	2.298800e-02	1.072101e-04	1.072101e-04
3.300000e+01	3.500000e+01	1.472900e-02	8.581667e-05	8.581667e-05
3.500000e+01	3.700000e+01	9.044500e-03	6.724768e-05	6.724768e-05
3.700000e+01	3.900000e+01	5.490500e-03	5.239513e-05	5.239513e-05
3.900000e+01	4.100000e+01	3.226500e-03	4.016528e-05	4.016528e-05
4.100000e+01	4.300000e+01	1.769000e-03	2.974054e-05	2.974054e-05
4.300000e+01	4.500000e+01	9.765000e-04	2.209638e-05	2.209638e-05
4.500000e+01	4.700000e+01	5.290000e-04	1.626346e-05	1.626346e-05
4.700000e+01	4.900000e+01	2.735000e-04	1.169402e-05	1.169402e-05
4.900000e+01	5.100000e+01	1.420000e-04	8.426150e-06	8.426150e-06
5.100000e+01	5.300000e+01	6.100000e-05	5.522681e-06	5.522681e-06
5.300000e+01	5.500000e+01	3.600000e-05	4.242641e-06	4.242641e-06
# END HISTO1D

