# BEGIN PLOT
LegendOnly=/ALEPH_1996_S3486095/d28-x01-y01 //media/adil/70aa4125-8ea2-43be-afcf-88b43c0b7507/adil/Work/QCD_events/Monash.yoda/ALEPH_1996_S3486095/d28-x01-y01 //media/adil/70aa4125-8ea2-43be-afcf-88b43c0b7507/adil/Work/QCD_events/RhoDown.yoda/ALEPH_1996_S3486095/d28-x01-y01 //media/adil/70aa4125-8ea2-43be-afcf-88b43c0b7507/adil/Work/QCD_events/RhoUp.yoda/ALEPH_1996_S3486095/d28-x01-y01 //media/adil/70aa4125-8ea2-43be-afcf-88b43c0b7507/adil/Work/QCD_events/EtaDown.yoda/ALEPH_1996_S3486095/d28-x01-y01 //media/adil/70aa4125-8ea2-43be-afcf-88b43c0b7507/adil/Work/QCD_events/EtaUp.yoda/ALEPH_1996_S3486095/d28-x01-y01
DrawOnly=/ALEPH_1996_S3486095/d28-x01-y01 //media/adil/70aa4125-8ea2-43be-afcf-88b43c0b7507/adil/Work/QCD_events/Monash.yoda/ALEPH_1996_S3486095/d28-x01-y01 //media/adil/70aa4125-8ea2-43be-afcf-88b43c0b7507/adil/Work/QCD_events/RhoDown.yoda/ALEPH_1996_S3486095/d28-x01-y01 //media/adil/70aa4125-8ea2-43be-afcf-88b43c0b7507/adil/Work/QCD_events/RhoUp.yoda/ALEPH_1996_S3486095/d28-x01-y01 //media/adil/70aa4125-8ea2-43be-afcf-88b43c0b7507/adil/Work/QCD_events/EtaDown.yoda/ALEPH_1996_S3486095/d28-x01-y01 //media/adil/70aa4125-8ea2-43be-afcf-88b43c0b7507/adil/Work/QCD_events/EtaUp.yoda/ALEPH_1996_S3486095/d28-x01-y01
Title=$\gamma$ spectrum
RatioPlot=1
LogY=1
FullRange=1
RatioPlotReference=/ALEPH_1996_S3486095/d28-x01-y01
XLabel=$\xi_p$
YLabel=$1/\sigma \, \text{d}{\sigma}/\text{d}{\xi_p}$
LegendYPos=0.75
Legend=1
# END PLOT

# BEGIN HISTO1D /ALEPH_1996_S3486095/d28-x01-y01
ConnectBins=0
ErrorBars=1
IsRef=1
Path=/ALEPH_1996_S3486095/d28-x01-y01
PolyMarker=*
Title=Data
# xlow	 xhigh	 val	 errminus	 errplus
0.000000e+00	1.000000e-01	1.000000e-04	1.800000e-04	1.800000e-04
1.000000e-01	2.000000e-01	4.500000e-03	3.900000e-03	3.900000e-03
2.000000e-01	3.000000e-01	1.430000e-02	9.600000e-03	9.600000e-03
3.000000e-01	4.000000e-01	1.850000e-02	7.800000e-03	7.800000e-03
4.000000e-01	5.000000e-01	2.510000e-02	7.500000e-03	7.500000e-03
5.000000e-01	6.000000e-01	2.560000e-02	7.100000e-03	7.100000e-03
6.000000e-01	7.000000e-01	4.600000e-02	1.400000e-02	1.400000e-02
7.000000e-01	8.000000e-01	5.500000e-02	1.700000e-02	1.700000e-02
8.000000e-01	9.000000e-01	8.700000e-02	1.600000e-02	1.600000e-02
9.000000e-01	1.000000e+00	1.360000e-01	2.000000e-02	2.000000e-02
1.000000e+00	1.100000e+00	1.820000e-01	3.600000e-02	3.600000e-02
1.100000e+00	1.200000e+00	2.460000e-01	3.100000e-02	3.100000e-02
1.200000e+00	1.300000e+00	3.000000e-01	3.900000e-02	3.900000e-02
1.300000e+00	1.400000e+00	3.830000e-01	2.700000e-02	2.700000e-02
1.400000e+00	1.500000e+00	4.570000e-01	5.500000e-02	5.500000e-02
1.500000e+00	1.600000e+00	5.380000e-01	4.800000e-02	4.800000e-02
1.600000e+00	1.700000e+00	6.250000e-01	4.300000e-02	4.300000e-02
1.700000e+00	1.800000e+00	8.150000e-01	5.500000e-02	5.500000e-02
1.800000e+00	1.900000e+00	9.960000e-01	5.900000e-02	5.900000e-02
1.900000e+00	2.000000e+00	1.126000e+00	6.600000e-02	6.600000e-02
2.000000e+00	2.100000e+00	1.300000e+00	7.500000e-02	7.500000e-02
2.100000e+00	2.200000e+00	1.458000e+00	8.100000e-02	8.100000e-02
2.200000e+00	2.300000e+00	1.662000e+00	8.300000e-02	8.300000e-02
2.300000e+00	2.400000e+00	1.899000e+00	9.200000e-02	9.200000e-02
2.400000e+00	2.500000e+00	2.120000e+00	1.000000e-01	1.000000e-01
2.500000e+00	2.600000e+00	2.270000e+00	1.100000e-01	1.100000e-01
2.600000e+00	2.700000e+00	2.550000e+00	1.300000e-01	1.300000e-01
2.700000e+00	2.800000e+00	2.730000e+00	1.200000e-01	1.200000e-01
2.800000e+00	2.900000e+00	3.060000e+00	1.300000e-01	1.300000e-01
2.900000e+00	3.000000e+00	3.190000e+00	1.400000e-01	1.400000e-01
3.000000e+00	3.100000e+00	3.490000e+00	1.400000e-01	1.400000e-01
3.100000e+00	3.200000e+00	3.790000e+00	1.600000e-01	1.600000e-01
3.200000e+00	3.300000e+00	3.910000e+00	1.600000e-01	1.600000e-01
3.300000e+00	3.400000e+00	4.200000e+00	1.700000e-01	1.700000e-01
3.400000e+00	3.500000e+00	4.490000e+00	1.900000e-01	1.900000e-01
3.500000e+00	3.600000e+00	4.470000e+00	1.900000e-01	1.900000e-01
3.600000e+00	3.700000e+00	4.880000e+00	2.100000e-01	2.100000e-01
3.700000e+00	3.800000e+00	5.110000e+00	2.100000e-01	2.100000e-01
3.800000e+00	3.900000e+00	5.410000e+00	2.300000e-01	2.300000e-01
3.900000e+00	4.000000e+00	5.500000e+00	2.400000e-01	2.400000e-01
4.000000e+00	4.100000e+00	5.530000e+00	2.500000e-01	2.500000e-01
4.100000e+00	4.200000e+00	5.920000e+00	2.900000e-01	2.900000e-01
4.200000e+00	4.300000e+00	6.060000e+00	3.000000e-01	3.000000e-01
4.300000e+00	4.400000e+00	6.430000e+00	3.600000e-01	3.600000e-01
4.400000e+00	4.500000e+00	6.340000e+00	3.400000e-01	3.400000e-01
4.500000e+00	4.600000e+00	6.070000e+00	4.000000e-01	4.000000e-01
4.600000e+00	4.700000e+00	6.830000e+00	6.000000e-01	6.000000e-01
4.700000e+00	4.800000e+00	8.300000e+00	3.500000e+00	3.500000e+00
# END HISTO1D

# BEGIN HISTO1D //media/adil/70aa4125-8ea2-43be-afcf-88b43c0b7507/adil/Work/QCD_events/Monash.yoda/ALEPH_1996_S3486095/d28-x01-y01
IsRef=1
LineColor=red
LineStyle=solid
LineWidth=1.3pt
Path=//media/adil/70aa4125-8ea2-43be-afcf-88b43c0b7507/adil/Work/QCD_events/Monash.yoda/ALEPH_1996_S3486095/d28-x01-y01
ScaledBy=4.99999999999999977e-07
Title=nominal
XLabel=
YLabel=
# xlow	 xhigh	 val	 errminus	 errplus
0.000000e+00	1.000000e-01	2.760000e-03	1.174734e-04	1.174734e-04
1.000000e-01	2.000000e-01	3.225000e-03	1.269843e-04	1.269843e-04
2.000000e-01	3.000000e-01	5.630000e-03	1.677796e-04	1.677796e-04
3.000000e-01	4.000000e-01	9.565000e-03	2.186893e-04	2.186893e-04
4.000000e-01	5.000000e-01	1.695000e-02	2.911185e-04	2.911185e-04
5.000000e-01	6.000000e-01	2.735000e-02	3.697972e-04	3.697972e-04
6.000000e-01	7.000000e-01	4.363500e-02	4.670921e-04	4.670921e-04
7.000000e-01	8.000000e-01	6.538000e-02	5.717517e-04	5.717517e-04
8.000000e-01	9.000000e-01	9.283000e-02	6.812855e-04	6.812855e-04
9.000000e-01	1.000000e+00	1.300000e-01	8.062258e-04	8.062258e-04
1.000000e+00	1.100000e+00	1.743300e-01	9.336220e-04	9.336220e-04
1.100000e+00	1.200000e+00	2.289300e-01	1.069883e-03	1.069883e-03
1.200000e+00	1.300000e+00	2.941550e-01	1.212755e-03	1.212755e-03
1.300000e+00	1.400000e+00	3.726150e-01	1.364945e-03	1.364945e-03
1.400000e+00	1.500000e+00	4.630750e-01	1.521636e-03	1.521636e-03
1.500000e+00	1.600000e+00	5.597100e-01	1.672887e-03	1.672887e-03
1.600000e+00	1.700000e+00	6.719950e-01	1.833023e-03	1.833023e-03
1.700000e+00	1.800000e+00	7.966950e-01	1.995864e-03	1.995864e-03
1.800000e+00	1.900000e+00	9.343350e-01	2.161406e-03	2.161406e-03
1.900000e+00	2.000000e+00	1.084120e+00	2.328218e-03	2.328218e-03
2.000000e+00	2.100000e+00	1.245830e+00	2.495827e-03	2.495827e-03
2.100000e+00	2.200000e+00	1.424795e+00	2.669078e-03	2.669078e-03
2.200000e+00	2.300000e+00	1.602590e+00	2.830715e-03	2.830715e-03
2.300000e+00	2.400000e+00	1.799980e+00	2.999983e-03	2.999983e-03
2.400000e+00	2.500000e+00	2.001525e+00	3.163482e-03	3.163482e-03
2.500000e+00	2.600000e+00	2.226105e+00	3.336243e-03	3.336243e-03
2.600000e+00	2.700000e+00	2.447385e+00	3.498132e-03	3.498132e-03
2.700000e+00	2.800000e+00	2.680080e+00	3.660656e-03	3.660656e-03
2.800000e+00	2.900000e+00	2.905460e+00	3.811470e-03	3.811470e-03
2.900000e+00	3.000000e+00	3.144660e+00	3.965262e-03	3.965262e-03
3.000000e+00	3.100000e+00	3.390540e+00	4.117366e-03	4.117366e-03
3.100000e+00	3.200000e+00	3.636700e+00	4.264212e-03	4.264212e-03
3.200000e+00	3.300000e+00	3.877295e+00	4.403007e-03	4.403007e-03
3.300000e+00	3.400000e+00	4.111190e+00	4.533867e-03	4.533867e-03
3.400000e+00	3.500000e+00	4.346365e+00	4.661740e-03	4.661740e-03
3.500000e+00	3.600000e+00	4.564105e+00	4.777084e-03	4.777084e-03
3.600000e+00	3.700000e+00	4.780380e+00	4.888957e-03	4.888957e-03
3.700000e+00	3.800000e+00	4.989270e+00	4.994632e-03	4.994632e-03
3.800000e+00	3.900000e+00	5.168040e+00	5.083326e-03	5.083326e-03
3.900000e+00	4.000000e+00	5.323065e+00	5.159004e-03	5.159004e-03
4.000000e+00	4.100000e+00	5.486465e+00	5.237588e-03	5.237588e-03
4.100000e+00	4.200000e+00	5.627170e+00	5.304324e-03	5.304324e-03
4.200000e+00	4.300000e+00	5.789545e+00	5.380309e-03	5.380309e-03
4.300000e+00	4.400000e+00	5.906925e+00	5.434577e-03	5.434577e-03
4.400000e+00	4.500000e+00	5.986330e+00	5.470983e-03	5.470983e-03
4.500000e+00	4.600000e+00	5.993730e+00	5.474363e-03	5.474363e-03
4.600000e+00	4.700000e+00	5.977440e+00	5.466919e-03	5.466919e-03
4.700000e+00	4.800000e+00	5.923540e+00	5.442215e-03	5.442215e-03
# END HISTO1D

# BEGIN HISTO1D //media/adil/70aa4125-8ea2-43be-afcf-88b43c0b7507/adil/Work/QCD_events/RhoDown.yoda/ALEPH_1996_S3486095/d28-x01-y01
IsRef=1
LineColor=red
LineStyle=dashed
LineWidth=1.3pt
Path=//media/adil/70aa4125-8ea2-43be-afcf-88b43c0b7507/adil/Work/QCD_events/RhoDown.yoda/ALEPH_1996_S3486095/d28-x01-y01
ScaledBy=4.99999999999999977e-07
Title=$\Delta\rho=-10\%$
XLabel=
YLabel=
# xlow	 xhigh	 val	 errminus	 errplus
0.000000e+00	1.000000e-01	2.615000e-03	1.143460e-04	1.143460e-04
1.000000e-01	2.000000e-01	3.315000e-03	1.287439e-04	1.287439e-04
2.000000e-01	3.000000e-01	6.175000e-03	1.757128e-04	1.757128e-04
3.000000e-01	4.000000e-01	1.000500e-02	2.236627e-04	2.236627e-04
4.000000e-01	5.000000e-01	1.752000e-02	2.959730e-04	2.959730e-04
5.000000e-01	6.000000e-01	2.831000e-02	3.762313e-04	3.762313e-04
6.000000e-01	7.000000e-01	4.367000e-02	4.672794e-04	4.672794e-04
7.000000e-01	8.000000e-01	6.627000e-02	5.756301e-04	5.756301e-04
8.000000e-01	9.000000e-01	9.366500e-02	6.843428e-04	6.843428e-04
9.000000e-01	1.000000e+00	1.305600e-01	8.079604e-04	8.079604e-04
1.000000e+00	1.100000e+00	1.750600e-01	9.355747e-04	9.355747e-04
1.100000e+00	1.200000e+00	2.308600e-01	1.074384e-03	1.074384e-03
1.200000e+00	1.300000e+00	2.971500e-01	1.218913e-03	1.218913e-03
1.300000e+00	1.400000e+00	3.737450e-01	1.367013e-03	1.367013e-03
1.400000e+00	1.500000e+00	4.635450e-01	1.522408e-03	1.522408e-03
1.500000e+00	1.600000e+00	5.629300e-01	1.677692e-03	1.677692e-03
1.600000e+00	1.700000e+00	6.762850e-01	1.838865e-03	1.838865e-03
1.700000e+00	1.800000e+00	7.997700e-01	1.999712e-03	1.999712e-03
1.800000e+00	1.900000e+00	9.304500e-01	2.156908e-03	2.156908e-03
1.900000e+00	2.000000e+00	1.084435e+00	2.328556e-03	2.328556e-03
2.000000e+00	2.100000e+00	1.248820e+00	2.498820e-03	2.498820e-03
2.100000e+00	2.200000e+00	1.423905e+00	2.668244e-03	2.668244e-03
2.200000e+00	2.300000e+00	1.603985e+00	2.831947e-03	2.831947e-03
2.300000e+00	2.400000e+00	1.800590e+00	3.000492e-03	3.000492e-03
2.400000e+00	2.500000e+00	2.011480e+00	3.171340e-03	3.171340e-03
2.500000e+00	2.600000e+00	2.225025e+00	3.335436e-03	3.335436e-03
2.600000e+00	2.700000e+00	2.444105e+00	3.495787e-03	3.495787e-03
2.700000e+00	2.800000e+00	2.679295e+00	3.660119e-03	3.660119e-03
2.800000e+00	2.900000e+00	2.914795e+00	3.817587e-03	3.817587e-03
2.900000e+00	3.000000e+00	3.150715e+00	3.969078e-03	3.969078e-03
3.000000e+00	3.100000e+00	3.392045e+00	4.118279e-03	4.118279e-03
3.100000e+00	3.200000e+00	3.637295e+00	4.264560e-03	4.264560e-03
3.200000e+00	3.300000e+00	3.866970e+00	4.397141e-03	4.397141e-03
3.300000e+00	3.400000e+00	4.104390e+00	4.530116e-03	4.530116e-03
3.400000e+00	3.500000e+00	4.342470e+00	4.659651e-03	4.659651e-03
3.500000e+00	3.600000e+00	4.558475e+00	4.774136e-03	4.774136e-03
3.600000e+00	3.700000e+00	4.771265e+00	4.884293e-03	4.884293e-03
3.700000e+00	3.800000e+00	4.970315e+00	4.985135e-03	4.985135e-03
3.800000e+00	3.900000e+00	5.159365e+00	5.079057e-03	5.079057e-03
3.900000e+00	4.000000e+00	5.315970e+00	5.155565e-03	5.155565e-03
4.000000e+00	4.100000e+00	5.477295e+00	5.233209e-03	5.233209e-03
4.100000e+00	4.200000e+00	5.610740e+00	5.296574e-03	5.296574e-03
4.200000e+00	4.300000e+00	5.776180e+00	5.374095e-03	5.374095e-03
4.300000e+00	4.400000e+00	5.895695e+00	5.429408e-03	5.429408e-03
4.400000e+00	4.500000e+00	5.968575e+00	5.462863e-03	5.462863e-03
4.500000e+00	4.600000e+00	5.988165e+00	5.471821e-03	5.471821e-03
4.600000e+00	4.700000e+00	5.966710e+00	5.462010e-03	5.462010e-03
4.700000e+00	4.800000e+00	5.914410e+00	5.438019e-03	5.438019e-03
# END HISTO1D

# BEGIN HISTO1D //media/adil/70aa4125-8ea2-43be-afcf-88b43c0b7507/adil/Work/QCD_events/RhoUp.yoda/ALEPH_1996_S3486095/d28-x01-y01
IsRef=1
LineColor=red
LineStyle=dotdashed
LineWidth=1.3pt
Path=//media/adil/70aa4125-8ea2-43be-afcf-88b43c0b7507/adil/Work/QCD_events/RhoUp.yoda/ALEPH_1996_S3486095/d28-x01-y01
ScaledBy=4.99999999999999977e-07
Title=$\Delta\rho=+10\%$
XLabel=
YLabel=
# xlow	 xhigh	 val	 errminus	 errplus
0.000000e+00	1.000000e-01	2.620000e-03	1.144552e-04	1.144552e-04
1.000000e-01	2.000000e-01	3.455000e-03	1.314344e-04	1.314344e-04
2.000000e-01	3.000000e-01	5.970000e-03	1.727715e-04	1.727715e-04
3.000000e-01	4.000000e-01	1.019000e-02	2.257211e-04	2.257211e-04
4.000000e-01	5.000000e-01	1.643500e-02	2.866618e-04	2.866618e-04
5.000000e-01	6.000000e-01	2.720500e-02	3.688157e-04	3.688157e-04
6.000000e-01	7.000000e-01	4.410500e-02	4.696009e-04	4.696009e-04
7.000000e-01	8.000000e-01	6.594500e-02	5.742169e-04	5.742169e-04
8.000000e-01	9.000000e-01	9.281500e-02	6.812305e-04	6.812305e-04
9.000000e-01	1.000000e+00	1.292050e-01	8.037568e-04	8.037568e-04
1.000000e+00	1.100000e+00	1.736650e-01	9.318396e-04	9.318396e-04
1.100000e+00	1.200000e+00	2.270350e-01	1.065446e-03	1.065446e-03
1.200000e+00	1.300000e+00	2.956200e-01	1.215771e-03	1.215771e-03
1.300000e+00	1.400000e+00	3.723000e-01	1.364368e-03	1.364368e-03
1.400000e+00	1.500000e+00	4.608250e-01	1.517934e-03	1.517934e-03
1.500000e+00	1.600000e+00	5.584150e-01	1.670950e-03	1.670950e-03
1.600000e+00	1.700000e+00	6.694800e-01	1.829590e-03	1.829590e-03
1.700000e+00	1.800000e+00	7.947100e-01	1.993377e-03	1.993377e-03
1.800000e+00	1.900000e+00	9.311450e-01	2.157713e-03	2.157713e-03
1.900000e+00	2.000000e+00	1.079795e+00	2.323569e-03	2.323569e-03
2.000000e+00	2.100000e+00	1.242480e+00	2.492469e-03	2.492469e-03
2.100000e+00	2.200000e+00	1.422035e+00	2.666491e-03	2.666491e-03
2.200000e+00	2.300000e+00	1.602560e+00	2.830689e-03	2.830689e-03
2.300000e+00	2.400000e+00	1.803660e+00	3.003048e-03	3.003048e-03
2.400000e+00	2.500000e+00	2.007020e+00	3.167823e-03	3.167823e-03
2.500000e+00	2.600000e+00	2.225055e+00	3.335458e-03	3.335458e-03
2.600000e+00	2.700000e+00	2.449805e+00	3.499860e-03	3.499860e-03
2.700000e+00	2.800000e+00	2.670465e+00	3.654084e-03	3.654084e-03
2.800000e+00	2.900000e+00	2.912830e+00	3.816301e-03	3.816301e-03
2.900000e+00	3.000000e+00	3.154790e+00	3.971643e-03	3.971643e-03
3.000000e+00	3.100000e+00	3.392605e+00	4.118619e-03	4.118619e-03
3.100000e+00	3.200000e+00	3.636730e+00	4.264229e-03	4.264229e-03
3.200000e+00	3.300000e+00	3.880950e+00	4.405082e-03	4.405082e-03
3.300000e+00	3.400000e+00	4.114035e+00	4.535435e-03	4.535435e-03
3.400000e+00	3.500000e+00	4.343725e+00	4.660325e-03	4.660325e-03
3.500000e+00	3.600000e+00	4.562960e+00	4.776484e-03	4.776484e-03
3.600000e+00	3.700000e+00	4.780050e+00	4.888788e-03	4.888788e-03
3.700000e+00	3.800000e+00	4.977975e+00	4.988975e-03	4.988975e-03
3.800000e+00	3.900000e+00	5.166805e+00	5.082718e-03	5.082718e-03
3.900000e+00	4.000000e+00	5.336695e+00	5.165605e-03	5.165605e-03
4.000000e+00	4.100000e+00	5.482230e+00	5.235566e-03	5.235566e-03
4.100000e+00	4.200000e+00	5.633015e+00	5.307078e-03	5.307078e-03
4.200000e+00	4.300000e+00	5.791955e+00	5.381428e-03	5.381428e-03
4.300000e+00	4.400000e+00	5.917940e+00	5.439642e-03	5.439642e-03
4.400000e+00	4.500000e+00	5.992685e+00	5.473886e-03	5.473886e-03
4.500000e+00	4.600000e+00	6.022895e+00	5.487665e-03	5.487665e-03
4.600000e+00	4.700000e+00	5.988890e+00	5.472152e-03	5.472152e-03
4.700000e+00	4.800000e+00	5.930310e+00	5.445324e-03	5.445324e-03
# END HISTO1D

# BEGIN HISTO1D //media/adil/70aa4125-8ea2-43be-afcf-88b43c0b7507/adil/Work/QCD_events/EtaDown.yoda/ALEPH_1996_S3486095/d28-x01-y01
IsRef=1
LineColor=blue
LineStyle=dashed
LineWidth=1.3pt
Path=//media/adil/70aa4125-8ea2-43be-afcf-88b43c0b7507/adil/Work/QCD_events/EtaDown.yoda/ALEPH_1996_S3486095/d28-x01-y01
ScaledBy=5.00000500000499952e-07
Title=$\Delta\eta=-10\%$
XLabel=
YLabel=
# xlow	 xhigh	 val	 errminus	 errplus
0.000000e+00	1.000000e-01	2.500003e-03	1.118035e-04	1.118035e-04
1.000000e-01	2.000000e-01	3.120003e-03	1.249001e-04	1.249001e-04
2.000000e-01	3.000000e-01	5.890006e-03	1.716102e-04	1.716102e-04
3.000000e-01	4.000000e-01	9.760010e-03	2.209074e-04	2.209074e-04
4.000000e-01	5.000000e-01	1.669002e-02	2.888774e-04	2.888774e-04
5.000000e-01	6.000000e-01	2.793503e-02	3.737316e-04	3.737316e-04
6.000000e-01	7.000000e-01	4.407504e-02	4.694416e-04	4.694416e-04
7.000000e-01	8.000000e-01	6.462506e-02	5.684414e-04	5.684414e-04
8.000000e-01	9.000000e-01	9.216509e-02	6.788416e-04	6.788416e-04
9.000000e-01	1.000000e+00	1.278601e-01	7.995632e-04	7.995632e-04
1.000000e+00	1.100000e+00	1.744902e-01	9.340512e-04	9.340512e-04
1.100000e+00	1.200000e+00	2.289152e-01	1.069849e-03	1.069849e-03
1.200000e+00	1.300000e+00	2.917653e-01	1.207820e-03	1.207820e-03
1.300000e+00	1.400000e+00	3.690704e-01	1.358438e-03	1.358438e-03
1.400000e+00	1.500000e+00	4.585455e-01	1.514176e-03	1.514176e-03
1.500000e+00	1.600000e+00	5.563156e-01	1.667807e-03	1.667807e-03
1.600000e+00	1.700000e+00	6.685207e-01	1.828280e-03	1.828280e-03
1.700000e+00	1.800000e+00	7.904108e-01	1.987978e-03	1.987978e-03
1.800000e+00	1.900000e+00	9.255759e-01	2.151252e-03	2.151252e-03
1.900000e+00	2.000000e+00	1.076356e+00	2.319868e-03	2.319868e-03
2.000000e+00	2.100000e+00	1.234571e+00	2.484525e-03	2.484525e-03
2.100000e+00	2.200000e+00	1.413076e+00	2.658080e-03	2.658080e-03
2.200000e+00	2.300000e+00	1.597857e+00	2.826533e-03	2.826533e-03
2.300000e+00	2.400000e+00	1.792747e+00	2.993951e-03	2.993951e-03
2.400000e+00	2.500000e+00	1.994792e+00	3.158159e-03	3.158159e-03
2.500000e+00	2.600000e+00	2.213677e+00	3.326920e-03	3.326920e-03
2.600000e+00	2.700000e+00	2.428982e+00	3.484956e-03	3.484956e-03
2.700000e+00	2.800000e+00	2.656873e+00	3.644774e-03	3.644774e-03
2.800000e+00	2.900000e+00	2.894623e+00	3.804357e-03	3.804357e-03
2.900000e+00	3.000000e+00	3.126578e+00	3.953847e-03	3.953847e-03
3.000000e+00	3.100000e+00	3.367578e+00	4.103402e-03	4.103402e-03
3.100000e+00	3.200000e+00	3.611859e+00	4.249625e-03	4.249625e-03
3.200000e+00	3.300000e+00	3.844609e+00	4.384411e-03	4.384411e-03
3.300000e+00	3.400000e+00	4.083864e+00	4.518776e-03	4.518776e-03
3.400000e+00	3.500000e+00	4.304359e+00	4.639162e-03	4.639162e-03
3.500000e+00	3.600000e+00	4.534705e+00	4.761675e-03	4.761675e-03
3.600000e+00	3.700000e+00	4.748580e+00	4.872671e-03	4.872671e-03
3.700000e+00	3.800000e+00	4.933395e+00	4.966588e-03	4.966588e-03
3.800000e+00	3.900000e+00	5.132315e+00	5.065728e-03	5.065728e-03
3.900000e+00	4.000000e+00	5.278250e+00	5.137244e-03	5.137244e-03
4.000000e+00	4.100000e+00	5.427315e+00	5.209280e-03	5.209280e-03
4.100000e+00	4.200000e+00	5.576066e+00	5.280186e-03	5.280186e-03
4.200000e+00	4.300000e+00	5.728131e+00	5.351699e-03	5.351699e-03
4.300000e+00	4.400000e+00	5.856356e+00	5.411267e-03	5.411267e-03
4.400000e+00	4.500000e+00	5.928481e+00	5.444486e-03	5.444486e-03
4.500000e+00	4.600000e+00	5.946291e+00	5.452658e-03	5.452658e-03
4.600000e+00	4.700000e+00	5.919251e+00	5.440246e-03	5.440246e-03
4.700000e+00	4.800000e+00	5.869981e+00	5.417558e-03	5.417558e-03
# END HISTO1D

# BEGIN HISTO1D //media/adil/70aa4125-8ea2-43be-afcf-88b43c0b7507/adil/Work/QCD_events/EtaUp.yoda/ALEPH_1996_S3486095/d28-x01-y01
IsRef=1
LineColor=blue
LineStyle=dotdashed
LineWidth=1.3pt$
Path=//media/adil/70aa4125-8ea2-43be-afcf-88b43c0b7507/adil/Work/QCD_events/EtaUp.yoda/ALEPH_1996_S3486095/d28-x01-y01
ScaledBy=4.99999999999999977e-07
Title=$\Delta\eta=+10\%$
XLabel=
YLabel=
# xlow	 xhigh	 val	 errminus	 errplus
0.000000e+00	1.000000e-01	2.680000e-03	1.157584e-04	1.157584e-04
1.000000e-01	2.000000e-01	3.475000e-03	1.318143e-04	1.318143e-04
2.000000e-01	3.000000e-01	5.870000e-03	1.713184e-04	1.713184e-04
3.000000e-01	4.000000e-01	9.895000e-03	2.224298e-04	2.224298e-04
4.000000e-01	5.000000e-01	1.655000e-02	2.876630e-04	2.876630e-04
5.000000e-01	6.000000e-01	2.840000e-02	3.768289e-04	3.768289e-04
6.000000e-01	7.000000e-01	4.443000e-02	4.713279e-04	4.713279e-04
7.000000e-01	8.000000e-01	6.565500e-02	5.729529e-04	5.729529e-04
8.000000e-01	9.000000e-01	9.413500e-02	6.860576e-04	6.860576e-04
9.000000e-01	1.000000e+00	1.314250e-01	8.106325e-04	8.106325e-04
1.000000e+00	1.100000e+00	1.764700e-01	9.393349e-04	9.393349e-04
1.100000e+00	1.200000e+00	2.305350e-01	1.073627e-03	1.073627e-03
1.200000e+00	1.300000e+00	2.967950e-01	1.218185e-03	1.218185e-03
1.300000e+00	1.400000e+00	3.732750e-01	1.366153e-03	1.366153e-03
1.400000e+00	1.500000e+00	4.620800e-01	1.520000e-03	1.520000e-03
1.500000e+00	1.600000e+00	5.626700e-01	1.677304e-03	1.677304e-03
1.600000e+00	1.700000e+00	6.717500e-01	1.832689e-03	1.832689e-03
1.700000e+00	1.800000e+00	8.009900e-01	2.001237e-03	2.001237e-03
1.800000e+00	1.900000e+00	9.402500e-01	2.168237e-03	2.168237e-03
1.900000e+00	2.000000e+00	1.092435e+00	2.337130e-03	2.337130e-03
2.000000e+00	2.100000e+00	1.254200e+00	2.504196e-03	2.504196e-03
2.100000e+00	2.200000e+00	1.431680e+00	2.675519e-03	2.675519e-03
2.200000e+00	2.300000e+00	1.616140e+00	2.842657e-03	2.842657e-03
2.300000e+00	2.400000e+00	1.814545e+00	3.012096e-03	3.012096e-03
2.400000e+00	2.500000e+00	2.019880e+00	3.177955e-03	3.177955e-03
2.500000e+00	2.600000e+00	2.236980e+00	3.344383e-03	3.344383e-03
2.600000e+00	2.700000e+00	2.462660e+00	3.509031e-03	3.509031e-03
2.700000e+00	2.800000e+00	2.693630e+00	3.669898e-03	3.669898e-03
2.800000e+00	2.900000e+00	2.926600e+00	3.825310e-03	3.825310e-03
2.900000e+00	3.000000e+00	3.169035e+00	3.980599e-03	3.980599e-03
3.000000e+00	3.100000e+00	3.412375e+00	4.130602e-03	4.130602e-03
3.100000e+00	3.200000e+00	3.659785e+00	4.277725e-03	4.277725e-03
3.200000e+00	3.300000e+00	3.901195e+00	4.416556e-03	4.416556e-03
3.300000e+00	3.400000e+00	4.144095e+00	4.551975e-03	4.551975e-03
3.400000e+00	3.500000e+00	4.377395e+00	4.678351e-03	4.678351e-03
3.500000e+00	3.600000e+00	4.607000e+00	4.799479e-03	4.799479e-03
3.600000e+00	3.700000e+00	4.817740e+00	4.908024e-03	4.908024e-03
3.700000e+00	3.800000e+00	5.012070e+00	5.006031e-03	5.006031e-03
3.800000e+00	3.900000e+00	5.202345e+00	5.100170e-03	5.100170e-03
3.900000e+00	4.000000e+00	5.373045e+00	5.183167e-03	5.183167e-03
4.000000e+00	4.100000e+00	5.514215e+00	5.250816e-03	5.250816e-03
4.100000e+00	4.200000e+00	5.680925e+00	5.329599e-03	5.329599e-03
4.200000e+00	4.300000e+00	5.832495e+00	5.400229e-03	5.400229e-03
4.300000e+00	4.400000e+00	5.963335e+00	5.460464e-03	5.460464e-03
4.400000e+00	4.500000e+00	6.025035e+00	5.488640e-03	5.488640e-03
4.500000e+00	4.600000e+00	6.060655e+00	5.504842e-03	5.504842e-03
4.600000e+00	4.700000e+00	6.035750e+00	5.493519e-03	5.493519e-03
4.700000e+00	4.800000e+00	5.978915e+00	5.467594e-03	5.467594e-03
# END HISTO1D

